-5.204730354761684
-6.676818758925196
-6.172884183961237
-12.784404798817576
-7.305553371472534
-6.163587466578548
-8.114108331280914
-14.063940856302889
-15.965573707574205
-9.376019744366806
-9.057791788875267
-3.228574385335848
-8.136547486463133
-25.305277823321372
-3.5550521077366413
-3.506738375104635
-5.0868729816285105
-5.872415176924815
-6.802947273160141
-3.76418192702533
-7.960977208008336
-5.078327205318837
-9.174506957805617
-10.685298976515089
-5.303808798774621
-5.745078971586873
-1.4755116126733383
-0.7493004148609744
-0.5714511365784567
-7.995024836795608
-2.022721184795708
-12.358310253576976
-2.706138236686375
-4.644222885251034
-6.832172366708929
-5.230409203494693
-13.808764762211212
-5.441487716153796
-7.11480369479874
-13.125262733969887
0.855448585740205
-11.083079089251147
-4.673155107054589
3.056688227201791
-2.7816828785912544
-3.8888801321724396
0.4857972374530135
0.6141032826881186
-7.1213372297299795
-7.145058216659434
-7.465392959177571
-6.742784846022319
-5.463547165534796
-9.75138773815035
-2.8798547287238954
-7.4311016596763695
1.8463743092649931
0.17650018826554542
-5.6756499244386855
-2.144403326643862
-3.2256520318591897
2.27456700969121
4.21855994733904
-0.3528120998510449
4.2925343375650575
-2.794291560654558
-4.059916734997643
8.075329586874265
0.8886082022291241
-5.108514401944518
-5.536490760556252
0.020836305496546005
10.690461867807173
10.801237476584102
-6.8307491601968255
-0.03128271913903582
0.42808079365769486
4.989545034642892
-5.57438771139977
5.903312615039395
2.1783934736392574
-3.866169461884705
-5.889326869668466
3.8993426521534955
6.447887635157594
7.6038905556664975
0.04506507537317681
5.13951784406473
-2.2631096285813097
4.521892404130062
8.267389077892322
10.394931433758344
14.085226102895337
7.7621801459835735
13.008100117747043
5.003252589340621
3.8664794961812836
12.239910142962861
8.415799584611896
9.631484100514365
7.057519672910668
20.16375733164033
17.26301952831413
8.174159333847527
4.961269785591304
-0.16201659057986112
9.496830908757728
14.717037698410417
19.17496253616201
8.533553224847456
9.435078989226707
12.412023663516187
-1.169556810273867
6.8308011617949
15.460624055816211
10.589972094533643
18.10633267648182
9.029304588089829
4.535101039178956
-7.191412285751642
9.896946200209133
4.022255481620171
4.5550101724478225
8.367143676776431
7.0667905008130845
5.122430485756503
14.035827306006803
8.687582632895987
17.720860932811313
4.404782008084739
10.668424666258698
16.10432577622985
16.378681058581925
10.988759105911518
22.62569165439907
15.9103744165559
22.13496975257417
14.752205860719016
7.9493360203896675
3.0492406132017233
19.006975499097653
8.03807263976142
24.5861972167756
12.06179910215428
16.313062988759224
14.9382782011516
16.763279270800183
17.960160153934392
29.01240850509144
3.6463879882798738
12.151727649537033
9.086600276673085
21.98658095850835
7.9302575677097735
10.6089329151025
12.665815346839917
16.737806077138327
20.343665612267575
15.280463640951112
19.562977209029796
14.083852361201343
17.454897763258707
22.752743423997323
22.798711789436503
9.29480212557622
21.435895842587204
9.257928501224914
15.24747183894884
23.760730080389695
28.69272578623668
23.128584380790905
17.272497353835256
25.746289691665538
25.528491079471326
10.967192541460925
17.816468059237412
21.55424664413589
12.90482617734319
16.73945651740941
24.486851986283323
34.02807258944999
20.305282802505797
7.134579590569149
33.30943036103604
17.163727837840042
19.365186048093666
32.590264749258665
33.756918015543334
5.006321161573981
15.903349602100045
-0.9650298952903775
18.926442435747305
15.107913702167295
16.79068711257048
21.002223230720283
22.551903931034015
32.321122125994435
13.25270889655592
25.652033429380435
14.737483864433159
10.401156061855513
7.055369146378777
14.387307526517048
25.462041499991077
18.836077165590762
18.38006470381608
7.426036475676957
20.408420123026907
26.443823719414233
21.59688072895204
23.16614514795226
9.955329387831062
19.037865004458336
17.376877415234368
14.200088601479413
14.803566805048813
14.123971731795896
3.4824347300599157
11.726333624195508
13.499819317368724
12.435281890017032
20.477528132759144
28.86587057946827
16.36617480698562
24.118641466789846
31.617985937464823
30.771164814238716
22.36667487488508
11.275295189436878
20.09641108839982
33.25035503286248
17.899485748972864
34.21587975346692
22.822870293550896
26.0968786808506
41.09123383081127
37.817385891799276
27.534116363627003
29.093864534346107
31.579326810877443
29.322404970495644
15.231482116704536
27.607437315156112
27.58808406501317
24.356772010513623
24.147977090559888
23.82358007616018
17.378772162808797
17.722248388608694
15.711264195966049
33.99556499088283
30.73802776185962
32.24665059575475
19.218333694460433
23.64184523439375
13.47990582634072
18.8100371951294
36.55579371555846
31.31403784598469
30.429774801547115
17.711785460279273
8.817471966051636
20.433737991019875
26.854108608948145
27.677394912745807
24.25040242063438
18.54396584701
19.902303514904684
22.90269977711099
16.073178018550504
26.59056877926983
24.08572030414316
27.98440440913398
22.993513713530742
31.978432190961875
22.09802901661009
23.06516974411648
30.23505651643626
29.975149999221923
18.005993175639535
19.33265632003636
10.590479901967264
27.252442422797476
16.397995895331118
15.89314131251216
5.110511747967549
14.434485088481855
24.12789346972775
11.069601599979446
22.38962797538638
21.08353377019054
19.956511498501033
30.781857679598716
32.448803583860375
26.544325926427035
23.38398514758107
19.308573216982314
30.568139699052928
39.37926103395098
17.38521955447752
27.913556408014863
49.21623885126641
28.027608096199977
34.95640362435451
27.713466644971383
26.362574340319338
17.082151331237903
29.62207354963305
26.40880781185033
30.977036373101857
23.760676371646433
24.793258512060312
20.516518962934317
12.75805839850188
18.61501843740314
7.149841371338501
18.388890986855163
38.48593072508046
25.40214782138495
18.17078541375596
15.775788377171295
24.495397072458296
16.444553059753957
15.006837027028567
16.490796819518827
25.778936088954566
22.6493723133224
32.7927865529587
27.146186327852103
15.800316060594096
17.316988251392466
27.9243322860816
18.24268093512597
21.33727974154574
25.691725945497996
5.66928528976751
24.866633077123716
10.985897130565423
8.113075947335702
8.255185582669142
15.496619097530601
14.607733781000283
12.1605049326214
13.148791433514628
17.74239845735125
19.94555985008218
17.680157877595597
20.357458915425973
31.366985467624772
22.456332114669543
8.198113927239842
15.905587581970078
15.221682332709978
15.333207565302661
25.20478018879097
22.748688067680675
24.469275851422744
29.10372386903173
30.93654089946176
24.500760026130827
27.07671133401638
40.76749681103107
31.405350753301605
30.064598605831907
28.64587017171405
23.438676222592445
19.69130604872342
16.95971973304503
26.51559674141017
19.44605967931455
37.303043496457505
36.192619039296915
42.87963277064202
39.24896403701185
31.074375366750974
30.688618709343054
26.71237139726991
27.067070004542746
26.471767819291465
20.41275843091628
19.25473062487842
21.252415812079395
25.471465970067378
27.983459823620496
28.20283130922748
25.308417753705925
31.086761553495773
23.20092594540909
33.081671480595624
12.002259694480834
20.798970682112916
29.712965520815686
30.011949258120204
29.902050397295703
23.074791747879253
42.94415281691999
45.17991712654562
34.80539327274552
32.753777471058754
25.52763089542796
35.365648742405206
45.85932205329396
27.096448681496742
39.80768774411447
43.414619214424356
28.779882945374176
50.17124421017544
28.09544185125419
31.558678099415193
29.158615466550913
34.419055083177184
20.563344129847348
32.4807149306527
37.668603420285095
35.3825983817453
32.74686867906514
31.63323104904382
31.20756364420788
41.73696726183361
24.51455455208775
20.364551097536104
24.965632672280062
16.138653691993447
23.64574440994175
23.146214493640237
17.87178536022574
27.268465439904777
21.759219428822984
31.972292516778907
8.032998691239953
16.285273594765677
27.73327402674775
33.355405531575755
24.156738009614816
18.9006107839571
22.13863128877734
16.832766382331442
23.366733583092227
25.314993251252083
21.47397633668021
-4.500384620765179
7.247795922534202
18.534584225473218
20.129516305098306
9.761747195143215
16.832450293517475
14.34090455451162
21.832732741261005
23.15914869233869
19.030434400678814
27.651921332437098
36.29030650291166
27.39754836394343
10.987267437281202
13.953769798785384
16.289534154981048
21.517366251951547
15.806568453234712
31.211637111525228
37.01224163794178
24.09408791202921
41.559270646721764
27.662262393703184
36.62179299832767
42.27499014675071
30.870832064610294
35.36059850805857
32.48401965870226
30.969217781071574
29.54041226153317
39.2158951388783
24.82152670537564
34.059487241696516
37.56955384597504
43.80015156921751
37.20199536511659
24.42605206732299
17.863400877157332
26.9921967768645
27.619720305964485
31.044847723945775
45.07061187019307
38.62518102970971
46.31946831986718
35.144171881776074
27.309617518474557
19.957784057342348
28.11894533718263
29.91613738492532
29.77325458146442
13.26756025460502
28.88497698973997
28.699140890809353
28.08839173466032
31.785014374050075
31.03826009210176
11.391304500871328
23.541751878075285
36.6140122637285
14.245322086255962
14.864622497115912
16.07823023505047
21.5293817402068
19.412106001374134
25.505319596878557
12.067250300964204
34.929627877614855
12.214566356628016
17.288714388939333
10.020440513876853
19.11664410111468
29.59030190994891
16.654686003443807
30.71285752885879
29.01284761139965
14.517983585595468
26.784424601916253
18.74632874444711
15.576291071569779
26.050729010978568
23.15064815302158
26.493039101901303
22.571630584731928
31.14079930681894
24.962408837831656
30.07794773798367
22.034242653382666
14.444617546378016
17.939214699424493
16.730502742140622
20.525861413693363
10.562423400694394
17.464335549078484
25.890788472210424
18.52623391609136
11.688895945579128
20.133162755393474
22.96827619149935
6.856581122924079
0.7074034535040983
10.305230895941563
13.938310101098006
26.0912932468437
19.844551797359212
25.295628367885513
39.850751242105574
28.42885517681388
32.34746438235595
29.564642197028185
18.873328565615836
11.422383156211598
26.02019823854628
28.4552542828849
36.068713882223754
27.806513840878814
29.542094974925014
28.359878378025353
16.47889671966248
26.078624813504497
30.919179588665315
34.09495824078878
17.67220960416291
-1.4185116753729936
17.26032033256099
16.215792690995592
4.350435163435128
6.970144700421136
9.717732115283031
17.552426366250113
15.326769789096057
4.9843179105535755
12.26849622117599
14.993130235197174
12.116494050840757
1.8851147595596802
3.0240882034314684
17.104033700764386
3.644258448977966
23.299122555811657
20.29311991593739
16.055165590716058
15.675637166332473
21.10237255869233
5.552363957128639
6.093091921578962
20.22980818550406
20.33412616731052
12.95706199661432
19.46045386632163
14.05759007807381
34.98817167220599
20.29940850483932
25.132159842156764
20.701040679545724
20.93760454069443
22.80053867113113
19.821383183270495
20.019057592292036
20.313979995011852
15.341221983317661
18.127057992201777
8.760261636489254
19.95366821199126
27.221670276837404
15.727010496765761
5.540355389694824
8.636026524177945
15.084273179369367
16.766966880101005
1.015172194899143
7.833553142545874
0.2460665648663909
8.123282742295762
12.996887087241586
8.841442103679785
-0.7125680688676657
-1.8799277726981152
-2.028955129689783
15.089755219278297
-1.5923693789713813
0.28921404880073387
8.070064264124692
8.943116623111433
-3.3328380419264887
1.2454499118509912
-9.275432549967416
-9.253702752896393
14.431526911713485
-4.197899456418746
13.629407205465787
15.836011112266629
8.461339141537678
1.2087937475280714
13.561527550547208
21.22204329030219
20.65896950411266
14.187253638756541
22.5362020675856
12.801451456823818
11.798961712743866
7.036583399313576
8.371945769881998
11.938161902783268
11.389353023530735
7.732004694368809
11.579633966716969
8.987784176384404
14.633255452822945
16.22434317395289
10.577222685659402
18.37496905612639
15.457054190425811
14.713199940041662
26.11699983600504
34.154260661327825
28.562934669380052
24.541063056645374
30.848260444424955
27.694362652522052
33.74710488739164
27.186832297395576
29.769091839640037
41.28852804494339
22.99677199019752
17.292779814367073
33.48652505093754
24.78772538341558
23.026186237347993
26.726870752619543
27.059027147407043
20.709059751572404
33.566186942430726
33.265813015074286
34.74621979984948
24.866125701694237
20.581447678180687
24.23819831828836
29.119254324860208
28.66647416718137
28.868078525622117
21.14356949542517
22.514931929771816
21.650231450948205
29.210551949025604
23.170721470501935
20.487184881908707
24.895804534639247
12.184246140513054
29.66666534664655
22.507977847157637
46.3525900596994
17.58967054199678
23.055619767548247
18.608566145840452
20.12271173145206
28.145022029478078
38.8634094621072
32.59669644012136
40.20123729293807
37.95436216883776
31.059038495994958
20.259065126778772
24.141190457341942
25.611820884526203
40.303563994262994
30.663675801200718
42.47614409251862
29.63834706854019
25.837518349948702
24.675219184391562
26.114560149447318
29.533237892367232
24.25019811409778
16.943619431166944
19.052228325924887
20.322573844193233
11.938212845353734
28.73369573361142
29.746653966466432
26.000357526921572
22.82493899414643
35.844274408473915
15.174851840022237
24.254116389589814
15.570317000514688
13.469328216303959
25.530569158307305
17.183958759280465
19.607912419616895
17.849012525492704
24.218386373825435
23.53036322729831
24.76600478849908
19.95322907577498
11.491948854767742
11.768261075270917
23.088713458323028
14.565808719765034
10.715000433439783
13.113664260956963
19.62542803067864
29.79346858768877
18.579935399689163
25.360985690302147
18.5790474577201
12.435095844135748
9.87871676005694
7.586641346357022
10.760785069853478
7.047888269925801
20.796869004927316
27.633337424689948
22.317869846972446
25.070264500692414
25.35142282279326
27.115909254825617
25.247051065928197
32.84538325244642
38.621736633491466
19.717236628973744
16.23245381501417
20.687387100387348
28.841624609448132
2.8517601128929444
39.03712303568807
33.53181279548895
37.06976878531932
22.406021158500756
29.636582741098653
21.957428430278043
31.39083960099137
26.536870124984326
34.75842697152235
25.486721520892573
20.36665582094326
25.803955834370964
35.38165274084021
18.4085406532764
26.795266378783857
20.724118693893836
28.2833933100104
25.331100342394446
23.415326016130393
7.556769807883771
35.08139867571093
18.640494116095617
16.731620196371573
16.114181933670714
18.173027756498435
12.419973655655934
18.976777711529266
29.057164333560458
14.93183015426921
18.559274084062146
23.108725653901576
18.718576999328047
24.9796552983929
25.532098742639782
7.647065210234982
16.20712528950153
6.077333218640215
7.985818547798212
4.115411554887169
-2.409549159384716
-8.289373668450457
6.567081143396362
5.758543345827838
13.908571116432128
26.785471817574575
8.427058640744729
13.959750266889852
3.709765837071353
9.976487628233293
13.23117922773552
10.161979328841564
16.21010100165984
16.218032757960096
6.99874067005801
17.763348565723202
18.37156741770957
1.314036750982843
15.274006810184954
11.923775943220736
6.137901242966547
19.3216586973327
4.998508178838129
14.126804148779296
7.101807872347621
-0.9611814390988787
-0.9107379264397913
5.409387812923141
13.664028567230059
12.744898624671366
12.982837420096377
8.580841774468075
6.671585657206495
8.217619107647897
15.409737695163983
9.939254508089594
31.988636621973285
16.762637592688662
20.553318555726445
8.556860796069198
10.113595328861146
4.4791146073833605
12.94589953374917
3.940944098473287
21.461447708058202
9.291682041633496
17.5048856392706
20.35635512722113
11.653024823734631
23.409679676948496
14.674078319220138
34.98695471920107
30.34047478670221
11.524322823708559
23.875763700024002
16.62835439142392
15.606169863871944
15.653313842606215
29.238711995766693
15.349333834076333
14.932962358914603
10.93056058745316
18.16499576548113
11.082915273258646
30.9887532765226
4.170412707022413
10.040812004808206
19.889923340500285
5.055177431438609
16.125640253924228
5.240828465878279
2.8567830266452967
4.577990124831376
6.867755898657514
16.999845061898487
3.4553387459497786
17.834863034428274
11.986105204746291
13.519327179373786
8.873501314446862
11.039954480262754
13.77461574906143
9.766466758467368
6.100367909799199
3.8876014295869057
21.311186555408327
8.615460659409411
12.388916658840424
17.585627981073166
17.427950405150657
7.9479269230580485
7.11691337168485
9.807484076333129
4.617582736363609
13.590386021937732
8.977999930810045
7.098369426745007
21.40529146990074
23.821546690377915
8.640154030792747
19.179085447287658
14.193791448703886
15.824122815241498
9.063253919366321
35.85386206733681
27.792996294059172
21.07555541217746
27.542861744052452
15.502089036980001
23.160398543413415
23.63447248132751
20.07242567903198
30.809409579235734
16.93301809105738
22.6655618410754
20.262467122782656
24.27369142381856
12.91672400773316
16.694331456871403
28.657111859074796
16.807373267331332
40.42375344314366
16.5087931646556
30.60639297149573
4.2901460966568195
21.433942263768706
13.586699882438705
10.609697524899593
33.10294791682655
21.85908294636467
27.101382031928285
27.881563942785597
29.40203198876124
32.66973905454081
30.406958232518964
24.795959659629165
34.44613886015226
15.147508729760608
39.031997454458114
36.68930988745385
25.27855605902752
22.17761845155505
27.747677992461593
38.271461604954254
42.52218458371206
15.924958487001556
34.267852578655464
35.028351409170995
36.34978756795401
30.920143358142504
30.29210387696918
20.789107237616697
37.86410878735059
22.479749287618255
24.130834856726477
18.83456500406846
21.618520248917584
13.076654340065673
24.408395757008613
19.853881695987155
10.437486917805455
15.255354781363991
19.57231333540918
19.37551434729948
28.049196696004525
23.052383634439632
18.95720062363302
18.97070953643666
18.778571368136973
10.943854771797117
21.845767447676447
7.268794508845789
4.4187207454573665
13.4656380920966
8.530007417836874
9.003365676938698
11.32559540765413
12.690942620376006
23.427302175995283
20.596171357780825
12.981824138939988
6.372462973892816
-0.14198309788870062
12.12922159246247
3.9419504010118787
-2.367639447470021
-3.0118378899470293
13.662944552161772
-1.3055483735868634
2.7028078118951
7.761569248834222
12.375406032447533
-1.2450053643734436
5.604084714560806
23.868717966601324
12.245107876850977
11.116765490693375
14.37806181037871
-0.43013675507260596
8.010236608511661
-4.003842382134989
4.253189654801867
16.26706995769002
0.5192342911607198
4.0243652846149205
12.350311146604861
11.953317299671138
9.213618264314032
11.0165605022449
24.71212181971952
19.310740781807503
12.936351359445194
16.07802272476804
14.58860065403644
3.4626034977009907
4.33026962575636
14.413358636374406
16.457967719613418
11.102519675656888
14.579897149092801
8.261143542491434
14.92909530683277
13.851241867519928
9.638115826990795
14.783178347513516
14.527744903714899
5.398665572540278
10.786366580936225
13.193894256391673
10.34909872989488
24.361106252549895
-8.841432663637397
12.07881817570465
5.866890091307243
18.08549686302539
16.9466456502283
21.850740479332718
22.97581100208983
23.09769473040625
25.996885257988886
16.517244717154497
19.787896624686695
22.888531784799934
19.29758563305116
12.08311512605522
16.907022030523784
28.112863483138646
15.35772202907306
13.05802431752411
13.952888421615446
17.343106940159878
16.379126730640586
16.038720469010443
18.882297796572413
21.923164193528365
16.831861388651948
10.944991069016499
17.95193529592879
16.35072093363776
16.72597819077283
19.316467010368985
25.552861127413138
11.34710650672833
15.938414481514858
13.719972982360819
12.109144830271678
14.369658843609793
16.871671784803176
18.98504958173457
7.7888081264569635
17.157267625260744
11.327778593875715
20.382548818235424
11.350691927717401
18.436879275078162
16.29321395602474
10.102473970944146
12.162406293109026
15.210739617521014
18.46066669404106
23.73020115842084
15.379565881191969
11.214269296950107
11.651404034467912
19.131524461684926
8.224695172336656
21.267388993878818
11.780022318583752
18.60927900018355
1.519190999621107
8.067986954987262
13.605305911157236
2.9124707486761627
14.827807639445643
0.07649727562040987
-2.834107687045574
8.066779923621896
6.525013200548178
18.39266779342147
21.237613873209206
19.49398458368209
20.251068664441377
14.122671582491757
19.447478565337285
11.980192535029492
14.922791849947416
5.838836528205473
17.438081117313214
15.353909702480564
25.353578969645092
30.981104822059603
9.284192710412741
25.05235797166385
19.92128012634795
13.15745565681081
23.082604847684188
16.034584150712234
20.80714296735037
16.902828875910892
22.880716623685007
15.636644984158668
8.51034518960454
23.9682812723209
13.500882332636252
14.99904791923576
6.389579901949676
9.14322582150741
33.16829220377502
12.608944116522277
21.121875437761094
5.525333575046755
2.398849148353355
17.043584431238955
17.57852304937949
7.860142368225939
25.311402167743914
3.247478523339926
17.697913150621844
17.191742057671213
12.68883772775639
11.56504183900046
13.323690676521883
9.154331072627084
21.120813156450872
20.827428902672
8.995475072319053
12.445589566584303
26.93134387842427
24.506059156375507
24.815756220635627
17.99316325854823
24.58762847859311
19.223505900616907
7.7864247616266296
24.35275584260464
10.40601430975666
22.476091006673556
18.686110142979995
18.66260521815275
26.348861237355372
26.67619469616455
21.371024459295317
5.104404228151205
20.156934606171365
16.953921792606476
30.51270176566617
15.736579106362669
26.718356077517324
22.979350756435927
33.74859841345732
19.22566948124541
22.149071387341188
22.660898536385464
15.044721639657633
23.531657117641593
29.14818816510508
17.87875448551893
15.42941887665367
25.552088802771767
27.557104156592125
23.568333423967424
18.116003338513472
30.20395401352374
24.14979590411279
38.05042553645088
14.81097989115876
23.515094165083973
11.551731587555732
13.50482860756137
21.81129607785933
28.32691248866709
33.0324384766766
19.90874494257958
22.670431319863322
15.95020000513934
17.839095606093302
16.70814428563674
29.727237157438843
27.38732694947462
23.446460870802547
22.200669281712152
22.2199001213891
19.320125614072516
20.335514048389207
18.498703894002436
15.652027043151321
21.759497724117807
12.594567738775103
16.683430280244387
23.427108926075604
38.319861091345295
22.840586915139635
28.357027839585452
19.45671466906492
14.998233755953862
37.88831859669175
23.980929729582986
26.357801013174473
26.40190811157965
34.43831398723505
7.973812182109732
25.264507987667365
24.97842289913048
26.12051459699622
19.43428237305605
25.842120221993582
23.599273361466864
28.151247069686082
7.145703733712438
19.847601083516224
20.953716726420176
31.18143809830324
34.749831050112405
27.415285344254094
27.25058624240511
26.78188117424876
21.30496764217642
21.642889064944434
27.994267336869648
36.14662509898682
27.679070130524366
23.023358387850617
21.916190935202525
33.421868233524485
27.664999327542308
12.249095552428342
16.959684285589915
36.513475691139284
23.366425411860313
21.37611605928185
28.122111619421975
4.938239817324844
8.987616410021865
30.933694004921165
17.925325597412936
21.540848246666737
23.39579554265874
15.96052404013208
20.489765893278094
29.176423143434597
28.221897615652942
25.117251871043482
24.26487281037529
19.482471929266246
32.83794054424665
26.847340774050195
11.931382548351186
12.166255579489988
26.042128573827597
23.774668678143122
12.299825920922888
12.696225020736833
16.201494159265543
13.874851793364305
8.951637485840047
7.812681239357426
22.71153097599334
30.389049591439203
16.50256576452281
24.274068915811803
26.554165759640874
25.15320736652639
15.568388449749119
15.378673452201431
26.261300316461824
21.35856543763414
9.449209032059857
7.994870751606088
16.196572267413302
36.370613867144705
7.477573794822142
13.282031800526203
33.50095763435712
6.7936471691496205
21.035628208382814
16.478749183048926
28.289173716375927
9.744460581607274
13.608146896770837
12.950410753264663
3.0598862248434355
5.7365081477392135
12.742822962765857
2.2949130100068103
12.782188233296063
3.42182798112101
18.565138035846864
21.42391404933035
29.15894017486901
20.803058222093718
10.771544212133396
8.175692259679247
9.70874251398337
12.983488573464019
5.218477334491192
13.151932039765745
32.29094703874587
7.1107210432807815
9.058935467841277
15.298486960898042
8.332769838044978
8.024291131909518
16.791043294675973
9.505107199157317
10.587991756966158
12.40435250881167
-0.09906577283148472
10.311847960983375
9.278657219351881
32.26670554341369
6.933048726394493
25.26957845686943
13.22130767149525
14.835485748705656
12.065994685509907
31.918050646000818
16.09919675394981
15.008227170384378
11.741865905660655
27.31196875035181
19.880926387357373
24.61396738899662
19.940785135673877
21.205317206236963
25.294548614502844
23.880133439089775
10.084217491592737
27.626251063852237
26.584290419166717
14.534547760985342
14.823285861020924
27.262215837689155
2.4106138380284925
27.625161741867537
15.673185877578968
16.190347168419066
21.836287164920115
24.892842484798916
20.220423684256012
29.338401376396597
40.015949827605006
30.347546453600735
31.647290307367182
33.78324823217456
21.134971857822116
27.247713372070088
34.52508149080828
31.988103482158454
29.038862999593796
27.35477880946619
24.414388737240387
30.109998466388497
9.59563228097879
12.072216892724349
21.315746869593603
34.069396573233476
25.25092898699779
27.42781030237321
39.93933152616554
20.717727021011974
37.66781113676264
36.63928489736379
20.83807329801882
27.03015277575911
24.180585781617555
29.811774216860545
37.69264987729915
30.960040658475954
39.22967751944592
23.42449018486761
27.203083624719255
15.732513586926098
27.516928773472728
17.9774661335157
33.85595963437559
33.580455929976345
22.412399494022743
31.097318483076737
29.76851741907143
23.789498103072056
25.714165230154475
16.26030687372921
32.35739817552711
22.19550411864876
33.91900630890488
37.21937851319469
37.96489021613954
26.170161589744776
25.340975114551235
39.53043490667329
24.730436360815837
38.433748479646155
43.21495436455233
47.30160354593629
40.44568829248291
39.58208727034956
31.207893060090555
25.086983518828884
23.91128563755968
11.370805953772749
33.6516562255099
35.98642380387684
25.585443133038318
33.60341531475279
24.60309271710033
26.617009459513582
22.395004732901718
19.61287015604119
20.81649397014593
18.46471423804604
12.581602907535528
14.87677560255268
15.208727947277549
10.094490511041931
5.0258438335787385
3.85636974929971
24.448584262646285
27.038768135649132
22.057823561428727
27.568249176159405
20.26525974474951
27.033978763670497
17.87679854197463
37.337955927948784
35.03286785395632
40.124004214312905
31.376843701372128
18.1815810409309
23.213548813286895
34.587144254008
42.23663349459883
43.779019857727505
51.04845649227805
42.42765216520651
54.36670553478025
59.39031452290554
66.04787814805756
47.65992947891873
38.87681003726949
44.597815689717294
58.13759102101015
38.679022172073964
44.47394086041638
42.539868300775765
31.656206789208532
33.402955352551565
39.07107941705509
38.94793411732081
30.88820961561446
37.76565514009033
29.089334175855914
37.14202336417376
46.21846478881124
43.054773700221745
36.24306319696036
30.48633425983319
44.644512688726884
41.295335830970565
32.905929362376554
24.97825266142956
29.45969045279521
26.243230944845113
42.360901790246785
23.894740796955286
38.402940256781264
23.334632764909482
32.9637728778939
21.67325003080672
45.32922471969894
26.490546552232026
34.65476887845091
19.770179505530564
22.42316654047938
51.85209742353377
43.068432159703846
16.921479011142416
27.411119853574114
19.854719578735786
36.428686687710346
24.831924852547814
24.694874609182158
27.40313704044857
18.53077552543365
23.594525215759873
38.97435981110975
22.416998163633018
34.262107837603885
30.475401134554147
31.446466968460122
26.307250814025558
30.017433992702763
29.411123919121103
41.62917678849841
29.13073702125569
35.490622099852644
28.60594756289426
40.19755352600303
19.922233571866876
19.564113558764568
27.588340196449117
47.35603140219238
21.38917924585334
29.72748603547202
25.867627076546654
20.157374978560767
29.783851423639145
33.446481154631144
16.532458436591543
13.472568818865104
14.550205784241266
18.03886919912452
26.09650496254786
24.143365906627814
24.58106347843094
21.64809111822637
16.65273057006869
18.46618497469597
12.774855550244284
19.252515538781658
16.114381637619296
12.947224755922345
25.731196697548846
19.083943354332273
12.522261140895534
33.343744573506264
17.657877181995335
28.064490198250827
29.904971528327742
29.953862850993165
40.251770437515106
32.735823643632536
20.283153005388225
23.394830981688933
27.660252586938288
20.07824409308356
25.448524092833566
19.059694356510747
29.844690080862318
30.18107080549958
22.491015675325986
28.010985260850372
38.60437071958519
34.49563703133779
44.64136587291108
33.78303541475451
22.024035360576722
27.500572949345347
28.189664887373965
39.45954239271926
40.08581651368898
39.90518027511847
50.58053945334578
60.208995240042476
43.772333625185254
33.064681361378234
27.669909814408197
29.97720269757999
32.756980278349815
32.516966445122556
53.325566772576884
45.84498801716721
28.462290955462425
31.05162354355981
43.057782315508845
37.147117057110435
34.04928929627131
38.87972050177054
43.390987968925806
34.59698477811132
36.09934955473544
33.48260872227465
33.6722236751665
29.617526905266175
34.447878149854816
27.75114500732286
43.82301802269846
31.316265651403853
44.14174233117238
48.38582249955921
45.39764573496672
38.72242480751599
36.11924560860722
37.88569082466957
26.65356868782849
30.312632626885325
36.312329354296665
54.15193299607743
35.61241780446116
39.365739656875206
34.38477200060028
27.319732561252057
17.384944117641048
37.58995432709026
38.31212799209683
28.104310017056445
40.161501180121455
34.98292764617129
33.64616182204888
16.57881411430298
37.427663608003925
30.146421932782623
33.16013357025085
26.22991222757097
48.71304453547468
40.19442432995294
57.388277585201934
35.61196423570958
35.53956093078007
37.96511215584836
46.91613642517782
33.20715053558957
24.190960094298845
39.10626413254126
29.58649157878104
45.56565461483755
34.73418629563208
32.08616552504761
41.615851025182664
42.45195389202993
38.92973430187129
28.27239380807963
31.045189264594416
32.0525501382051
44.17704642989651
28.28350744995484
28.366643800172984
30.814848981937217
30.40349665732443
23.878715739944482
27.417234286125044
33.0512133335822
30.97338265847908
31.38916864215006
28.32237786539247
32.66967364352428
40.83547308286886
37.089072974126935
40.536030390476654
39.6288021923374
25.50741961945534
27.00453293802961
34.46228727183877
39.373439903145275
39.61679360313717
29.95006145315954
36.92016089130637
38.70495225530412
46.95171702759044
44.96394196822631
40.67683375988044
31.6751764254169
11.400874219418222
34.367367457728236
36.25196119159545
36.594747211811935
38.07427681949248
37.79570602490915
36.12906696984582
18.619370274034765
16.648076023231788
23.67415963065381
20.419004440661457
21.801061527720446
20.257543737692863
21.04813304438942
29.881402227077285
24.66986619750775
27.747591426339305
39.35753509977569
29.682185089810208
33.526238982015705
41.450039855083126
39.48115726968966
35.89357885399453
30.559923876528664
30.125206451341228
38.73064664239109
31.094586159374096
24.3278216742167
37.096959004395664
26.172936816515232
38.24620016365047
48.25506229966061
39.20610676072452
39.146226479340775
51.09040623442562
46.65210783150248
41.511568043708074
47.804184674739574
42.825875254483414
37.64083336471181
32.27007920677311
49.132355118574345
35.30186443917166
40.2195928324913
44.382013166204594
41.24338819235693
39.645951145509244
57.37413233689318
36.82007068870992
41.38695355763436
47.11640230242196
55.78708827860477
39.39991255897104
37.854827289635466
48.92179022713359
31.144130650624696
35.428861630578965
38.62330565053133
31.34757315860685
40.76036679855535
52.2959968360953
40.59250759318789
21.39626543390618
35.71645426667281
28.812815221161532
9.476374091406132
25.626647497788895
25.700291383516294
29.737866845264602
34.94447266159862
32.279593673838605
37.51435509774134
41.542243937878034
43.36085406308642
34.65342275887154
49.96991210692803
36.00879342227377
39.97565572469992
38.098705996222726
19.848245671436302
41.29974890976014
35.073580220693
29.70759862302438
32.48097623099818
36.15691432420217
36.835246395073035
36.136213497115854
26.856995161298858
48.18105729048417
40.89625052020596
32.20003202740641
40.5002971105148
37.84388463825896
38.12115022435282
35.15689082885419
36.03354878529987
35.51769974147355
35.222844826664456
43.40054359707962
52.29568852467056
49.50651874369141
35.43353992611202
52.40420576632074
54.10226426920919
53.21127466354453
35.50773238595305
51.79805584631386
55.36033201286534
49.75451826294456
60.527346508109225
33.12934560631562
44.324093826673774
50.67966161910906
44.19805144134667
34.30912707361374
36.89834111444368
44.284147120580165
43.553914476211204
42.911432612699045
45.54885653086764
45.64665200543683
34.62174884685254
24.386332209382406
42.47603349806045
36.546786831847555
47.78852077107568
39.484930959015045
42.60156075785453
37.16188748530355
46.947002454799055
33.93597814986344
30.157748953004862
28.10308570744919
35.78969965637649
51.49221244392985
28.660783866044916
41.21675514427139
43.42958780467875
49.89995064611867
31.062610667747833
41.51569571335985
42.46635887607504
40.908580152914496
24.540891699880532
41.84103233073587
27.329333017863245
24.40474043212285
39.172848754689085
35.2001582250987
29.9165680190987
46.31601588477581
35.524153595412784
35.5020859491979
39.8070554883473
42.57880690429177
17.007482956096254
22.087443593565148
16.524079248013756
52.94040996326962
30.398876098075743
42.02893566440751
33.12522053296153
39.98580021212841
16.52298332270716
17.843034174700737
36.80211832259034
32.68912102797647
27.913528073174472
34.890686510047466
20.545420849564568
47.154960091347654
36.68100316981574
44.01368708097593
39.331493616239115
30.0012388304152
33.513616968589346
19.740593025872393
38.52108558545895
36.83461003556221
36.63931429186012
24.28858310240016
32.396671288996224
41.7150350784587
42.40300784752211
32.935779923803885
23.97567668355494
32.64645627633111
35.789989309188094
30.208110473688542
38.18601783596416
26.825294655133895
41.384168089987895
26.581158585665083
31.33428780565697
21.47204382529103
27.55023452766381
29.900895835072145
28.89996278757319
22.83762827698682
31.957791165817575
19.14132390393889
28.57115876232398
18.1192038423242
37.97669255270611
27.395542077143954
34.120984475032344
25.213808696205277
24.171387380377215
20.28276724442969
22.35618494738117
24.431347699316515
38.43395619628531
26.34848264632715
33.3639444886471
31.50936868181238
29.647704987228217
24.691278237522887
15.845611897331613
17.496914154366213
19.439453282428723
32.411806670465324
20.241492891533344
38.17015491796569
35.36846549481981
19.334638265801164
25.51357447492051
27.953453507985092
25.086975597057652
28.06578107494168
16.213853604674394
35.60981097327102
36.33225098333818
30.025873790544193
28.75215758907793
24.693807893773297
25.851050664965054
27.929627318436992
38.00650723070636
33.52208908849223
17.95971233244623
40.05959173889538
26.850690789214116
35.10334630826789
39.66951671641611
36.256062606265864
36.74876978640692
33.60861555718471
36.949003329355904
25.908808890018484
23.2499831586233
33.203581874066145
27.806499774769925
24.087377030782086
21.823337578080054
32.93527700541927
22.247922032367292
27.775545035179665
23.924087889891908
17.29914947389027
22.077171922555063
14.366211071390856
12.451423917739664
23.932568911457132
26.369301185865226
22.478757388038083
25.757739306039905
12.17679327388402
19.89631210467189
26.937496697266567
28.53192018459803
26.3139830293809
28.454938721441135
30.578612515287723
21.26271999973567
15.766783504826952
19.92457688871951
26.682312404361653
13.560710309686058
20.2301251024179
23.845400064199815
7.565569523615937
16.893143485153253
27.911776573876118
21.619129251817938
7.370513842131598
22.628406975126744
10.60582115674373
14.197850665695702
26.074207272748396
23.962621267781913
14.591737905283654
28.650421432471102
36.49158858216742
11.002013484739594
22.66868308274426
18.58670782506171
25.118138943094678
29.077172262230327
25.880814322064612
27.62985926799313
15.793729025173244
32.4829550026264
28.766469514034668
27.154177923762052
19.07618032171285
30.652231108045022
17.85349271530132
34.82625913909881
29.20620177392585
30.35087151231715
20.754229644903976
30.31214731720762
35.5413585311844
35.462491063017296
43.70115731977636
31.700774030185944
32.22188406272143
44.7084007497249
26.3239736410182
15.577689194642147
27.23683355150397
23.002729567452683
24.03510696201785
25.789148542078255
3.140160690016738
22.601999335320773
27.609420185158104
10.498700304763119
28.46750373853779
13.157599003931917
25.540939580514824
22.30064599437065
39.85781645043616
36.75846183414801
16.906663066251745
32.161230299669285
27.52654516579861
19.383702944940115
19.390401887328938
19.890910000261346
15.47120350900293
20.96862579741201
21.44298132272494
22.028120964754464
19.01115777788231
15.309954596608943
15.883922900820824
17.150261400542544
36.871532593255196
26.304657101596554
29.25837636269653
22.77613352756513
15.125093522235778
10.24381248533489
13.966440261284797
12.719887053191409
14.723582566428878
21.907401853115147
14.071449223636625
17.303281731724717
18.07318491253242
18.00390294595659
27.12842844879084
18.012626404247246
12.92312415076226
21.753419550073215
26.636800023844852
10.30046801422165
19.62133287378286
20.656086868294857
24.475075655155763
14.300365157557161
40.282596345361455
18.69084475997719
25.844123250412444
14.879791180014559
15.175325380824512
23.24938175155708
18.49598747877845
31.143298429132706
27.005276827515576
26.574260907792905
28.063976588423458
24.926869955390103
25.17472444583661
25.694718416962026
1.450432419665693
25.980932412033063
15.69697096097309
23.29519727511737
15.958494748425423
-0.7507940263055783
34.49423630406625
27.09548607995839
20.557668143446932
35.53136684140739
22.391196865922673
27.074769098072444
31.16016210908333
33.51880742219795
20.25275113224057
17.533952504125175
38.0173374435992
34.098349379110985
35.57011071490117
16.14538350804384
21.394309720456086
34.329148356546355
20.938552265427116
13.01513933319551
15.9781017894602
28.519933056049563
28.426089995339613
25.072804787212352
17.33644104272387
22.525791692145706
23.95213365809567
22.854969159310375
21.835625355906604
9.353410454414774
19.459099557442332
20.92369572392949
25.788034625634594
24.537480842662937
17.055267350049057
6.375541086801303
4.209223561852672
18.276360178781438
20.733624699404388
6.10736857254
24.704557614571417
31.134127811502953
22.4009996032266
27.058655286759084
8.08245415028602
11.228241897203295
15.592557220574145
34.494443738585986
36.298051296659686
31.454871417417383
26.48789163255965
28.831899788818884
33.314985127583846
38.91746293030288
19.02053779755763
18.16414186140057
31.875184977868237
17.723176075471894
17.805180340820964
26.445790627861733
24.64263063317342
11.659876789739082
23.9268174005192
28.36175739808531
15.394604261155814
25.59726586953501
19.010016002375885
30.118733846489942
16.733013605458822
11.337210445697046
28.21847314785311
20.676090735663305
25.295409254439427
6.967390479353904
27.11624368690091
12.313140475031132
17.939298408332334
22.836079607772795
17.260014639552566
24.017780850698013
30.267230767105694
13.200363956654993
15.57930621128769
34.58668849629733
24.143736328987536
24.935681188970356
35.89312854924203
22.391057380190713
19.011655643007828
15.218752425092443
23.384808952396465
29.997524841662464
19.910075052788194
6.220081942991188
8.374779006656553
20.658213638049382
14.664322431587294
31.242480259783225
20.280873550616988
25.43229453881054
34.0632004796066
6.402158534667277
7.156014559176509
28.813073824444537
18.29739144826363
16.7046825770826
37.457743221132915
23.320380148425564
20.309953626870996
26.22578969736619
21.48652181648962
15.010708001977864
4.263456177789022
13.492528815544105
20.12781547417936
19.035558630914405
15.22733351668935
26.47708578549206
18.965341112063847
14.432794694773122
34.04414918094078
26.423353054604682
29.667358514882928
21.41254362001801
34.518405730322435
34.3477341415669
17.886536106948082
7.366416145467215
25.394115856769794
30.436263538470733
27.777164328704856
32.98180589771588
26.104997587130832
21.1774755843849
13.096668545659876
22.24020680106374
25.815067605850395
31.37706889604619
25.45621115603096
23.93058667440881
34.40490653605084
28.96060078467542
37.74537217821289
20.800480616384313
20.531596303265754
29.234942267900884
29.444292448709668
22.29087667799832
35.445591594185515
41.96640796065176
32.3405056911191
19.23904952824871
22.13271226225992
19.998919785370568
37.991647655004826
38.205823040962585
35.4566676952532
45.30953620550207
21.78335341176908
18.917034814286012
30.40988805419433
36.93117547103175
34.888510106347105
32.022788326856606
31.46363237616587
28.38717515661088
23.087630107457834
10.919292280548706
16.664247326030598
30.08567984409808
20.823439807570317
12.660029428516653
27.843855347012102
21.530745644802586
20.013821909465356
21.56246980567703
30.645003070904046
11.854287112884133
30.430357250254655
18.93230716230888
9.923690922127488
22.90053979128636
18.867007888898467
25.95008009037027
28.901340525944242
21.115129215357626
22.87477782631076
22.846653363750885
27.071069350018007
10.102978771112342
15.847731483082303
19.91772527746543
31.51862038136067
33.079446553182805
31.533683433306845
27.496292996611096
27.4951382993922
36.588053694495585
33.69778394467236
20.049876434170915
29.592657622691625
12.61407376299727
16.542292472901615
26.10171505842093
25.144586061257257
18.6654076887177
10.439629184505907
16.274982787606675
13.897776327384616
11.267169679434236
26.2708060527467
11.737325468496223
6.363048087239278
-0.23738933763748626
16.89275487854091
17.49928714067213
29.34757056650538
19.68823739152375
17.10925188082103
28.373563382049475
24.760380506179324
16.264252081858004
21.370606800466128
27.877804915648273
14.592600603854583
23.675562765733495
31.151118177349097
17.65105347766415
13.764039639469374
4.168524376863739
12.021986114739018
17.055781263595215
14.938107801672416
-4.634499814935523
25.880048469579037
20.864735523278522
29.67435714780704
19.68289633202081
12.120678339760106
19.70496319986184
16.458467826196916
13.115650746744915
18.85816203722019
7.439363238120825
9.229775124090894
1.3674112967155807
13.142914309764851
17.33293776489982
17.73092541751337
28.912699122474372
14.672400066162552
11.91725468410135
0.5286850391960674
19.32942044306347
14.347886079159007
25.3714323092271
8.154254773257946
38.14678432921279
25.074419776336843
34.81497518241944
26.78079825855781
28.562114893309825
34.71004217684313
35.65859519459266
42.79264231811628
30.062676023081558
18.371481226862407
15.300235054953044
25.44848643549945
34.434005856357395
19.169369591434887
35.014837057590775
44.080090040492074
12.325673352363069
38.0425418758626
31.694067818076014
18.262011765977256
20.78530189601062
17.501319599250078
27.719290281661575
17.551082675071005
30.124996507419773
33.88171125898005
31.426192475085323
20.88090903171125
9.622980825851021
33.10936997558603
31.06680145208846
24.70406446426059
26.992180856742614
22.431955057070876
23.86883183607286
25.19849540952311
25.173646278137774
38.333528206114245
30.10998845800297
26.27176096555827
33.40994123806235
31.027255917219527
29.558469201153418
24.498454152317983
26.995392633096458
31.158586428481488
30.185129463622008
48.161682549683505
36.29560048233922
43.03997432152644
38.701211403903486
34.8743860595395
23.98038811120532
39.17851801969789
35.672580818394366
41.85440695500636
44.05848303368571
39.98812270084052
35.57028198936033
36.43325310751224
47.491815966251835
36.81304043041782
28.801460100478288
29.90564223284656
33.214900968139645
32.51489446533144
43.644433965441195
33.74706725300731
47.37668751705794
38.88600906796553
34.51083508687197
46.90380809881298
23.255452092812593
34.63298590650866
46.18516143993055
26.549609810103455
27.777728944864815
42.96422887301988
35.59510075257019
36.32192366004748
47.03248920193003
43.95815807180442
29.284377660076206
42.622459822784215
39.274038701408074
30.544931077089796
45.38463222172847
43.017803820463335
40.87390317777103
38.97038213400124
40.32167676592893
30.652414958244954
22.001495474490113
22.474079705951144
33.751113043784876
32.254795352022896
44.57560262688909
25.743861900451883
30.118029443204666
38.133671683628336
26.947726216475836
21.578455987902636
29.747793796704478
15.422599874250688
40.02472795151937
33.808470129548404
27.688823491795205
35.78903544170136
29.60522014534653
17.824992660232752
24.48364565935119
24.309901103987624
48.684991728439854
13.208266219073792
26.072338094221596
15.971674149279533
35.971414020581335
31.611737171597554
32.652157163968305
45.40662128102715
36.09612318406816
41.40556218725432
24.970375284114315
31.60413354237921
38.69829305011117
52.380878040783124
40.12049680636639
26.03344374645613
41.828439530214794
29.196592416392253
27.843852694690895
44.67233957458312
43.14469222652296
47.373158438814556
49.33051974227984
33.301340732561776
51.9051175626747
31.732584177002586
42.26064335396535
46.25049544380259
28.646472455510555
29.45570754814731
35.57904755333144
25.60016479584349
18.051581137288583
28.02362501626057
35.125356809848356
48.30862059105512
42.317741027238064
38.2665397330794
32.744835118163856
34.95191589920862
32.78591157567261
26.321650990068264
29.651133566170397
27.754349499695252
47.97661730214732
31.901962004156
26.4118587201046
34.7049551906062
33.848798049372604
31.81314384887769
23.239593921716445
34.76330103408257
19.326738698527507
25.794835421013307
33.58163217613681
41.683263099179655
30.96963564404062
46.19541983587706
46.43251083688922
34.15179552460021
40.28296440322731
33.83650966986065
34.77854310476056
39.29950064929821
40.87988524082848
49.67492926116173
29.388956503680856
36.18808301333104
30.018381222038283
38.076952966227275
39.59197438995464
47.43882133489411
42.789224689642495
40.58598230426476
50.09740539643138
50.00433124255989
38.39476899858424
61.53153342948146
52.755238752091614
45.91267982920651
34.612945358048634
35.95500250103716
35.07677690077139
23.75517739084978
27.234422251557447
15.724356435222285
26.61011760549514
45.34340951289057
23.007261600833978
27.22242201731955
38.99012669071965
50.205936063330384
40.41996833818946
32.67348188050959
27.723578868350575
40.77496978228549
33.400416234208805
24.469181775843715
32.18740348597258
22.85221426568226
35.39750697860239
32.60976839424091
24.69438894194497
35.91345606553251
38.82611656028866
32.35036567787724
30.142850475311867
14.903115502722187
46.33321051067558
48.82296079878378
36.6098375806083
31.429523985517523
44.02971828562907
12.514468707882674
30.14396278977021
33.04073625886082
38.88194886181195
25.324897670654384
15.4670451831286
27.71876576147241
54.48202794145718
44.850385925660404
52.1720885023542
36.89401374500457
36.212426974450814
34.091200062445054
45.00861146693366
40.383762805868706
39.76873820498237
35.99466279720654
31.061437126184995
31.787884529158987
28.755959254055576
16.58285424032564
21.52420064784362
21.462195273975347
21.21244540239915
25.56704530346602
28.295805616888863
38.679112600387626
37.392765145597735
32.31297061466721
41.39942097385689
31.88254940537363
45.509919974439796
38.49844331226169
36.799045530627744
31.086479038498744
33.1207161640709
33.52444968335672
34.758185241191455
36.599347660473235
32.48263942306583
23.18158439081188
18.841721648604512
14.064982841860461
29.401854635267206
29.353756463274046
30.10366023070356
26.565648272237844
34.38324675111654
24.922061926908906
25.851618773294412
17.746284272085887
33.101025997971554
41.281857203388356
40.1120425048794
33.243291200504416
34.17377046636133
32.034753413395876
41.84205044411889
32.68476387966807
38.440749585960376
45.05660723842527
27.84436605781383
30.754848879756015
24.37783327467677
41.94370777688391
42.506922023207636
50.18288438264767
41.81098199032065
51.08176036523265
50.319336416352286
44.63547979836801
41.315296833689025
48.81699026292763
41.93361387997267
31.428651841357397
32.26309766677553
9.306991961045131
30.983678326100268
31.936965902304536
36.488248491917446
28.49472665365385
33.97643955209113
30.034328846664465
28.175186993565557
49.65122533370734
43.11551722433734
34.41782300841032
33.034387505804084
38.375594353159
19.75441393216931
42.79704290325135
27.557243583151593
34.37446010468155
34.83889461967476
30.56996186295421
37.93879588477937
38.293081134041145
32.10841662172438
36.403789917610254
29.25337260654526
39.204001310566134
27.198478903073514
27.298994875316545
21.360151042325775
25.884204201245865
21.931671264924262
34.73741549675175
31.295503840502278
25.434287869707997
36.67717991895738
28.69743925145655
21.96269041959359
37.11509318478075
39.29132305428523
37.98364440866725
32.03431398895057
37.46537539247259
35.492629649028366
26.35078647730366
32.194384656004935
28.134214672542733
33.25949894277163
25.43275424653842
12.434035230523028
18.54967380925402
24.96020485803146
42.00327009501335
31.985444610313664
43.090287024404674
21.36934023759794
50.68601831399023
25.29540250886419
29.659598824096577
38.78935083178579
22.56144984500025
27.337092643234058
38.16821703497304
32.0122280005141
38.54507341276903
39.89297925858652
32.151007648278636
47.01604747811784
32.06242489621438
32.435472958009
30.58783360676312
34.97734788044275
29.697298855224396
43.66456531056248
33.645581828540365
29.21326538228933
42.15490773068352
38.849851614203104
37.29715590648754
30.08233391520286
37.624071124495195
36.73868519359066
24.999428641036967
18.607319336567578
22.054685047645663
23.98750309549195
32.43112005818848
27.59241914288534
34.38514295532737
38.44021582796035
21.80766796540994
29.11697619946391
32.29162339986853
35.68131883097052
31.879778322482668
41.41595612927732
29.495320645682437
15.063633551801843
22.184371801427726
28.829610750128086
46.77956162326213
21.944923361449334
32.39295445148738
53.63950040292074
33.327410462360575
32.045060275042054
25.786041840888327
42.538441213216146
25.965577464049062
23.39118523836611
36.57333785162586
32.09920704611382
30.773140929659377
15.333918619603471
19.503327537722345
21.366693475189084
32.38521262244414
22.38094865359728
20.472606752176816
27.350298837839468
26.205087888481984
35.05527200151115
34.94419668486424
29.584330888280483
33.19417226137158
51.97355336000565
50.32537403305459
48.42513385548161
46.49262946764827
54.19453693571984
36.07125644315609
38.0841086167694
32.842564354994735
54.05094961553019
38.56143625653388
44.83692843881019
26.01658979576637
24.391967660238343
38.71982346709848
42.96108450735839
35.952236781700684
31.530735365043007
34.39505899234821
32.1223489453492
30.87719185448093
49.49439923339893
40.158051271748356
39.708544965449676
18.966983181135227
41.78603340046095
30.570528818870077
49.6017538227979
30.63326814688576
48.664805391357916
41.920581334994466
41.262527195855355
42.47127975236386
38.809265292489
38.43067378124921
38.855447920542964
44.57556577582726
44.512070380967046
35.48235506483588
37.700506182012354
53.37523502765282
47.62862197538805
49.613475207862216
57.80141581363895
50.9933532583884
39.715701199713024
31.36659135916774
41.05602789019501
38.2504079512393
45.739016315157684
48.17158977817665
33.165238310267384
30.777089820178123
41.430543402745855
43.97321029724538
52.4262468998365
36.93001531671623
42.97686347669821
54.151948652246176
45.653565241905696
52.629897017439625
39.802382475649345
39.30612902189085
34.789212511804216
22.574761416359753
53.074923957420864
52.7568990901194
38.05050773975575
46.45934658733701
47.494522221656254
38.62400129501383
46.065441872100436
51.895949718706596
47.07749124120015
41.5579760524545
47.41352838025391
45.801792836551925
42.36708352501885
20.235339347334552
41.465738430480535
30.870628072377702
31.619557456559498
46.26339649232548
24.579425093638672
23.379433264304467
31.02286271992878
33.88843427269761
26.843808666216425
27.917244848795093
32.98717672370981
34.41848769669823
45.13422657104708
37.94562532512035
45.1486622786834
32.51337995829846
43.414232194904585
34.20382134928055
41.08632009281352
50.78851939972584
32.42527736569771
40.73648450584956
40.82512649645512
33.695146064397676
35.243640505911436
32.60196725060162
51.64847286827571
41.98645104101156
45.78717715585127
32.543043799738655
34.18924479250211
45.48058817401103
38.816162315379344
41.529160723834586
40.209652090189984
12.951744715592929
34.84926820032852
36.6963440109613
32.303594458043705
45.50964723588186
33.80356772792683
30.53690678196321
36.98401191504705
25.60769443344251
26.10953702798945
36.840365387263
17.398253639901373
33.6424488766355
34.665155661173785
36.74792828590526
41.12641473980871
29.186221208827163
37.99959628288769
37.971249038936904
25.53376935299273
43.27880597733873
34.052111574106114
49.27243192227241
37.989849519832774
33.571275259956664
52.19449226329019
37.49684033463651
46.026519179990785
35.172642191484236
33.06560841812003
40.71762137513173
29.561260843777582
53.945605266448965
47.244245760513266
37.33337134644673
41.17522646349708
41.72956278280681
48.701127342344805
43.06009562728186
17.49580963413164
54.02509642384571
32.57164010997393
38.146746617672775
45.968766420075
31.50826869310735
48.09737807695096
50.13595881337748
51.477506462164584
46.69163060674963
40.52689201439206
58.911160900043214
38.24638178533992
26.459583963713506
53.2043121527892
40.84966333807862
55.861863208280354
51.48875405942655
53.781844220836184
41.720805525222005
43.270849048296604
24.367305414342162
64.4420596990764
33.8930765891718
43.51186698832457
34.69143877415247
31.62263578431473
48.26635467832064
45.68161399585938
36.71291924482124
43.01552706155679
48.482961930071795
56.49018145055
44.0571771229327
38.04498730251906
41.861776063577125
34.64147324535679
45.12046541233203
33.542420224641695
50.64278024557454
48.54555230692739
44.215655520081334
47.692992443909084
43.30656588365571
47.83316491989147
48.59137498979008
39.457036094477175
42.69787183562192
38.40561957818397
32.56565123640366
39.47357667248973
49.702723512256476
37.62497713779045
35.07819665126626
33.90324980285976
42.05689178500417
38.92099112550708
50.08032133866307
48.84084658717451
45.62781191194053
45.20029286047047
38.90111830216448
36.41672806508513
42.515720705353914
36.25680186261349
43.42020318061374
40.73400091644884
36.478865816263166
57.57104504149345
61.6062988406667
38.536076060808384
52.98111290670418
41.320716571959466
39.814646618461204
48.63211047471848
29.407713881342346
42.71197451133064
34.190337052308465
41.0850782049439
45.74379228993722
50.1593711187012
28.85868894504991
31.55273811361682
41.90930559633592
26.602935005119484
22.64657065060096
28.70038134315549
40.00977627509932
33.46786151219577
37.88067229785261
44.15683252529656
37.95428213976557
28.011773365437598
36.992895663564475
31.423972539439223
29.99436520550129
34.97766418624391
35.314839888305116
46.99033769130761
24.03085064513264
44.706056500689385
49.92534121270795
39.60838960168523
32.79599171952927
45.99134131713794
30.63835356886733
34.02389161060308
35.69010278436592
27.51017567912093
20.583554844825304
25.68916027899875
55.13366144502537
34.237246009659785
41.48102840054421
33.13891310249811
27.208180883103715
44.105971774866184
26.61309776897832
27.90752077281048
32.834252138859554
36.52834854962796
44.98823740955817
31.53586418989925
43.1720057268016
33.72745907645769
35.387810985151425
44.634206095672674
32.06535516420349
38.4045227154206
44.314450436264245
42.21950432141023
26.794048273089835
31.64921449503094
25.149183165621295
26.10104663888029
27.455263488219934
32.83068518498926
31.755709255310325
21.65232371536053
32.40528029783057
26.69144312344407
25.511363204598933
31.539280843299686
21.244025535419162
34.540602772272436
30.61927639289969
37.68052297567737
25.975981807604757
22.89446644386501
32.185375472468664
28.118794423762175
37.682813836016514
33.07923742379228
26.650146490590554
33.41862265901781
26.854465367301408
29.629153581359457
22.704665684260192
27.761383485380385
31.384876159434565
23.060057681292722
28.93750125690662
29.508795502688592
34.95186356299276
13.35867916104667
41.024878281848444
30.715443623895005
33.446987651311325
26.817414621440342
31.995642276546413
24.906808728172553
24.284821009097605
29.88896145684377
33.41582243294324
45.48555988799613
27.292701922872432
29.614408689904383
32.09000022605433
26.26770618225664
38.650583366161314
37.33858289773893
39.88017038061966
27.943429417114906
28.65877355327503
45.63658050895897
29.49952502857036
39.99181067085699
45.38598041088351
25.19098983841769
32.58123845827043
44.976356308057106
44.445230166377975
27.218527503870167
21.827811332556116
29.160630382210826
44.70544033677619
25.800663738000885
29.310050557963017
18.882174504934742
36.30186716396213
36.85738238846516
30.20046504884703
37.45367827443777
38.46980984852662
34.96349581683893
35.853025366710185
48.510180272523286
36.38168480760505
47.84256267260584
40.35433909133286
43.08952222674294
47.80291110700451
32.03797976593509
52.1389155438646
53.20123015603143
40.873941382165526
47.08256035417001
44.70680338775334
49.77266428860155
49.018416096399044
44.37578136073352
64.99974319194443
30.597949675239967
53.44961136222871
43.37237518524944
43.34664235609933
47.20933018383591
46.46260881958237
38.87009217270353
46.25251314023511
46.994073820264745
47.24900381646146
37.14419215867908
42.17652322058731
35.98601938940607
31.962001579288557
39.816525955927055
53.19383251075741
44.27506579848231
55.00878637870132
31.442612528952726
39.21951076924695
39.65217524486921
42.06369566830891
33.23211813173519
42.912006729335246
36.18445302342127
48.31295923816201
30.426266455879585
41.40823801616126
36.36910708185576
31.201640608676165
33.94438006167889
32.95868564986307
33.46548005111455
40.82929922822102
34.321147489210766
39.583923523240976
41.32263380687109
29.724753874476512
31.513367582076576
32.1675331089422
33.09207199521252
45.16656303325533
45.56636068578492
38.99475027062844
48.91018109951809
45.107008663398226
39.50313806908234
45.48889380611037
54.53885014545584
39.02300546879418
36.26597484180571
43.72746053743908
51.20305861014708
56.09193544666632
52.61252450642145
43.159789805447225
41.54922716464661
55.45917977309178
40.93277654970164
33.93834594702465
39.99725678987015
49.283694126918725
53.41704064826414
46.00344121320883
39.74394358046723
48.09434542739143
41.36002908392966
30.531201433155598
32.58605705644305
29.46893019745512
20.91514061517187
41.36685085485558
46.467528316495695
44.65489869735988
53.662616167770885
40.98622509315192
37.98378691116149
51.150239163151376
37.724223693022466
37.077179210513414
35.28292070078983
27.43448256640528
41.462538480245975
37.20562870006395
37.11149698921746
35.02630437861427
42.48995676759803
40.59703566910951
53.517118166388016
34.17234621434757
42.82478131245951
47.64806338967235
29.256324603145533
30.634596052515672
52.17629409054566
40.760213014468306
49.38114725329796
48.331796715321175
32.77271778922203
31.022972591696437
43.582579020256176
32.37239004766367
39.22886972955119
48.792201797791584
38.31073836660628
49.288513649136014
44.87300330977883
46.444449933714665
41.177175713141466
50.591715671477616
47.90519673686166
57.70372601062794
33.11135224678456
41.59832904103371
38.10828715917713
36.96840255111486
39.33958904729689
44.74936820982917
26.684847278656697
30.575427716560817
38.43181436015114
35.13560671396032
25.624038687764926
60.194778886528205
50.34387216426324
37.27025740160863
36.421146070670105
26.149391599525284
34.074204549746106
36.29402148873647
26.68562756276185
32.441440450014504
36.451300641029285
35.72885770686863
29.085620693942104
44.87256885650735
36.228013889594344
34.11897706251725
40.56469388123041
44.595762836515966
49.39591953882682
23.548092758881104
30.29118050564113
27.145032064708893
34.368802137030826
28.51887815260803
25.166265638376107
41.48743211064367
47.26284077677128
48.431259496177915
53.16233853073072
45.10545316672072
40.793923573625946
44.49781728230947
42.489239874254345
42.563052592833316
44.885367937837174
50.490545184838325
37.69914648235151
27.013038388722073
46.19421372737683
35.104989332043246
32.49043978633418
35.72645930141108
49.69159512690766
38.43441094534752
45.350642469863395
34.742148395867936
43.335107417713395
29.447505977276926
49.137401306655015
41.97727738269402
27.511113971291394
60.61284390679202
42.53151284903571
31.903472417145366
44.674882430443134
45.48192459418051
40.23186482277931
39.224429166007745
52.08238075261818
47.3510062166052
35.65675650389977
39.28253387907668
41.780726278455525
45.22316799034851
47.13232277263497
45.90116324038775
53.99933810131158
33.09786803089798
45.64447200506619
53.27792297526744
43.57039287785035
49.22162682225774
42.69643893906013
40.175745023565526
52.29193868364729
42.002406155604994
53.41408006038156
34.600122348273125
33.68658837404389
46.20374409822726
41.91828444184829
40.60989630317202
44.26034515667054
41.636658852343
38.08052358055507
28.650744849668705
40.47654649510782
48.01046587868153
54.2712069229622
34.92655453570304
45.297435114941116
50.52715980452647
36.59034800667693
38.73422370422462
51.83023674784829
34.45789373492217
34.748430957870326
40.08098643314657
44.62238431495888
38.41781270924817
39.33078254702671
38.98336554457741
48.77062962706474
49.48595952464768
55.532144829439424
41.33953865483767
30.4061942491114
35.947197329127846
32.97478022762294
34.97931388919082
33.122212615083455
29.194183580838832
55.748030523210545
46.774804361345474
41.60523935669108
48.35357176218021
47.64429782755836
44.267180746586135
37.09607797473561
36.965631413364044
36.28482559412034
32.284409017556484
31.60285963818817
32.31657680959263
52.403125190437585
36.95915465623606
42.38240764040198
28.19701985451939
36.956428749121656
32.90353316023047
40.28550081169779
28.380218541790537
38.47883225566823
40.14147720553278
39.4612810454475
34.57084415881758
35.83148453539552
34.064228367146754
34.07735540114273
36.95629534838929
36.78400946535011
42.78264794218442
34.08881723866675
30.988120857584608
40.5182442083712
32.43797660703347
24.474164249335434
25.246852640562594
30.703556962949836
26.70306881109151
47.55218390704447
39.14815241414854
44.15549354477817
39.10197384230726
38.60731624614468
45.11018914643092
38.4970202327968
41.44810160007607
40.749749178003555
40.61481461208165
39.749309377491066
31.8613308709155
38.64551010962629
26.381009755121443
37.53082180528837
40.249797417728914
37.81319678127223
32.732938864769196
48.738545700698054
26.868101193056738
14.423869896124888
36.273730157971706
38.38182895570232
30.756822163286177
42.76202077253601
32.77214336681475
20.013563721661946
35.72648946332528
40.7813794553559
40.606081747854326
37.55681421233213
46.44432498815259
37.647420878559686
37.591140601269885
39.74820272049402
35.13178814714234
44.819677701103835
28.832285386377784
25.941646269513654
44.9313319989794
32.22179030546098
35.3008835352439
40.09072178013498
44.4913445226495
45.018448853411755
40.00333891411741
32.10291915119852
28.421293915962885
43.1660746388744
29.719634729507895
43.47771891477983
34.96048450945433
50.9340078237731
23.811086854766966
34.16928048930197
36.20656348869645
41.54389793141867
47.18552787859729
28.569457543108523
36.04717108217456
46.41992267093618
45.56160537795175
37.0543942525227
40.58858004260799
34.42553511577079
44.24119260378431
40.06420194682557
43.66372936521755
56.3539286200579
40.575453816970615
33.205317782298806
38.1015717752406
32.32829434333794
44.198206145823505
35.76319529181058
25.56130764804108
30.41275661685239
33.46130138118859
29.43739332375403
31.50860290493343
27.245290111829878
35.31782833277929
36.28797077764763
43.65280981746075
36.16904178478719
27.725948293934785
30.415376382534493
42.74049740761942
39.75663731576166
45.9830588028503
20.8954084457563
37.58782452153072
36.092872271449934
42.099160250884474
26.81270919657718
36.78092865342531
42.011545423432025
39.873140585432424
25.781278431892467
26.762427772822484
25.940671886072202
23.27134587794701
55.00071355597894
11.75496063365112
30.21755081308721
40.92325746531158
50.89147194880608
36.976571766745856
21.022806222187814
36.03056084254633
37.228930230843886
31.135330555325584
36.03971159260124
35.37482422593785
39.69255173578083
44.370372250437306
46.37438600725254
35.077210449503966
29.259172315503342
36.41897404011364
44.3872382590709
39.37362777592875
28.31507830878912
32.16088111810059
37.71059503730089
44.37802591133007
44.14780662598746
32.38071760147767
38.12448056626131
29.901962467139306
36.997013144985644
54.96684534924869
43.21587634224757
31.923063277962893
50.59976163580528
61.56759911106385
48.69293831179918
29.774106577108903
44.73428958455975
36.22133814934176
37.7403026715712
37.1034916728225
35.56101496775362
42.85357052799497
44.350090472772486
51.258345576376385
45.47869587171001
42.68944158675227
41.96227418731148
40.07210722566565
49.00106964850071
39.969744755964086
53.37687075039194
41.62359217241966
34.797512431534834
28.623960551513825
54.53047364616232
48.67120214383088
34.32978535025595
39.37200497068356
40.61670109876694
40.63410559652482
46.81604693783509
41.08484426943248
36.65668849300665
37.65448629136726
32.48490995625396
36.770867791414446
33.35267661495417
45.69916307388867
33.37141410212552
30.409830718925257
23.552716942779362
34.499123362827426
31.33128462496476
21.66966577974384
50.32250964290938
34.66927342748499
44.341173819518914
27.10861056316598
43.085473703848656
46.04787134296389
53.42048015628122
49.26188992020069
38.69136338589247
57.26461154322595
27.195286552109984
39.58432941473881
50.05675892102448
47.78676782493046
34.14688568180571
41.90077693340662
47.70579443826925
30.258015210750454
50.23098217515425
42.137679911179546
37.47250704020412
48.27886105803108
30.278679275675312
36.62410454796248
41.35938699721495
42.34593427191162
40.182216146049655
38.710221495637974
51.55440678677752
31.72733801927158
37.83857355359471
45.31665268234132
40.64896778803716
38.616174528045214
36.484430476019114
47.95493486136285
38.01036251610874
25.405704996120466
25.00598723545404
33.43775421207984
40.399191719124204
19.41002279338041
34.58544621479608
30.51045473160341
25.119283678344665
35.177155623055626
27.687051056902554
37.03509622136743
48.06430762762785
35.154501556945185
47.79639254454571
48.43317025898465
43.96782154497681
44.8899736275353
46.02962816641438
43.23527870980054
44.58413784585294
70.21697015540308
59.028499817301494
48.25953775406693
46.59701637988222
47.55450179444951
39.58881921750077
36.19205044904398
54.33744173348832
42.47504053663472
53.287035647050686
57.68433245123875
48.88093098794145
61.82353951926346
47.001247767308385
62.73517722703798
62.73412347292977
45.751884266821065
40.47907219950481
43.92534488734317
41.790316777564826
40.01605240713837
19.441010971034068
31.546182566799917
30.62769263683627
33.890150359052264
27.519771363455966
52.14513794409405
42.089187858779226
46.09851462015182
31.306634769828094
42.82357847267344
36.66243789810068
40.601953809653786
44.32569780355861
9.803631360722616
45.59486749006571
30.688300711814527
31.98812314777664
33.37448430060728
45.11887262005823
44.05402906950677
32.45376977401907
37.63357121064485
47.78152660433476
34.87646651486903
47.94502411606964
46.13231504242594
44.43598413501674
47.548980219204324
39.34718702715875
46.22653140567877
55.13483219657728
39.32084937964505
24.682968450386397
44.28615362683365
50.54351667130094
39.30023226759531
51.095296081258816
39.10033521053197
46.332281369134336
53.44644721542479
52.81144076448679
36.76354377298314
51.87200604116085
37.15413885214666
54.75572827031685
52.794093734853334
65.84719076958518
46.4144902766278
47.526942768162556
54.53648121414152
44.779757819063704
51.28047181325451
47.32866926666706
50.897513744858394
52.174857522426954
43.20897208799752
46.067108300761326
56.78659559669709
47.671400680247686
51.990605642179936
60.75101631030866
40.03366049354337
40.006877231845046
41.132674886662656
40.77304557375601
48.28565845322256
50.90546535804531
47.60837549192795
43.15941833589079
44.478711980477065
44.71368599659948
40.80750320505
41.59466446418672
30.28700596641288
45.92777355937126
49.3455049084417
36.71853651727776
35.90971717693357
64.59315571260763
37.95136150344628
44.29509548036639
56.669574406803214
50.79199389495416
52.2184891753368
38.95570247644035
45.31359167786029
43.2721650577081
43.95895593804896
59.64260934398427
50.890192918295064
39.19701249904331
57.163405571643
45.198628091884686
47.11278030126113
60.07057695338894
51.291651509345854
35.60439384973237
40.794290759349664
34.36308109759223
47.72016443612177
38.17176781119248
43.182811161269015
34.99008929010664
47.87109980767991
46.41923224931995
33.44744375167703
42.9013786529991
42.55522995850895
39.92580661674253
31.88059244457174
43.519937372949705
42.24290192814649
32.47710979922388
35.80092698699067
21.49594813652468
34.01140433490651
27.29587101466344
28.675591486550026
27.586316143467293
29.640761272214444
32.35263887941501
27.20472945167318
43.45517048076063
39.066636692694686
32.91213021959244
28.76053451241868
37.05071477093294
30.683125270137488
29.52744034717184
24.810331853996736
36.248474833080245
41.00210382485635
34.074945298695624
45.66115607139362
33.22699935395825
40.78595501078726
17.645821019445
31.899028930835904
30.1811340716552
39.5762579136677
33.09562062238484
38.204210485397184
46.74924363796949
39.90363644588378
29.73208725372292
31.331934990279144
29.986652459908022
38.34995535754903
33.86263710047037
35.44375170862524
45.78527721407566
16.10752382182943
27.262433702780196
39.53119989301332
34.88400047489971
24.920904503931826
23.719433559237036
24.83459964359023
31.12820860061246
20.1507838201181
36.90899570624786
38.49708436010011
26.11905730510719
34.89196428231218
31.865891146775517
23.099234934499698
31.985045372624757
27.588605810791744
11.115284027370814
33.98487543252888
15.733495695340224
27.885840478614362
23.93906371923186
22.96541988249712
33.50233497685232
29.929965096860787
37.7109299369054
27.847810911111488
48.03898583049114
42.4400225371452
44.873114325505135
30.69366765574797
46.84793444028437
38.909406490394176
28.383389410557914
28.663897738799278
40.14597490579692
37.41761848930007
42.83447544333076
45.799352141668166
30.873929980920273
44.93136592083347
38.15110208982471
45.15268758709475
37.64060581758339
39.70563922275447
40.34754051071757
35.065115712847046
55.11806580574459
38.38020948757067
47.677048127857965
36.220530376114866
44.68145777100464
41.18692752703328
45.164091436935415
22.696015752610727
47.67789120759726
25.68200863644438
29.93646992614208
32.4485579672433
22.154146289285375
41.20355358459365
36.41988359740736
32.60425627666972
34.71080217213027
35.07089083533274
25.465441870094292
39.467613716223454
30.441126463474045
27.845213673559176
34.39699268167378
29.15963725395401
32.6087081168226
47.257231630949626
44.78044070015478
35.955544140517404
43.18400143633341
24.20097954379462
36.66481316581944
48.45132051554455
31.261989267024603
49.26926554040142
47.479369332464536
38.77359354310304
39.53632428360913
42.376700624935225
46.58484703402501
52.539310557983256
47.698612938856904
43.963561137616054
40.900712149405216
37.589210353408966
55.777345771630806
54.04790571175619
50.97379272466627
40.05793855052003
36.446096826443146
40.39041780436345
34.99472335363714
43.906989724650956
47.434436551545346
47.54499332967406
48.52986070106145
46.950280794829936
41.013518349046024
49.242262178268746
49.68197900105325
33.46678387920856
44.00552863597859
30.357245886724495
38.1926948274513
35.49345651486484
25.33365820143347
17.653758678713615
35.79006779022371
37.72570878880434
23.793796195170962
33.178451780382304
37.64622863794436
49.04482400901462
25.751715524502675
44.88721346715887
44.85102163638307
31.546988590594573
21.420733255085388
39.38121889557986
27.305947522497497
26.23225761458296
40.59340449809817
29.858826727697895
50.64581917048202
49.73977183497559
41.9834576967812
47.26656354794012
42.30839501483072
42.128061583946995
42.09225216793929
45.2632757074813
35.125362246456355
40.203412189371456
36.29976167400221
49.693687230916886
45.042287229368355
35.34561123110899
43.275015643538964
32.612772155126216
37.253683736080646
31.51507372056784
57.200264045394306
31.696611005234537
24.048144901191648
51.291583988928394
40.120236563299976
38.45337394772129
53.690989296888986
40.955483176637145
44.44141173243975
38.49407768747001
35.20055365325966
46.46458463863111
49.590441090219805
32.167217495051815
45.70537353949825
37.39143328795595
34.70450389040053
46.140342457975834
49.886383287381484
49.97462617476825
40.926644663200086
50.56741776388646
55.17958729586288
53.641200856996214
57.72068355888824
58.5750500369154
49.331096719455914
56.69665668338115
41.16635131618561
49.41125910360495
39.28557944161106
