13.89214109720508
65.59135437918547
7.6592427246426364
36.146695253795706
5.995223052713814
12.49444679894146
24.756390647809816
31.57306944592171
18.42863829257404
17.71942758649544
41.31919348285646
42.41367165239901
57.77092494987444
79.18454451851916
76.38935038311931
37.924023772689395
105.4955228727308
114.86199483994041
44.86601017942606
95.15886213201972
82.16269210338469
92.48695078630433
131.79985840702426
54.720593479597795
67.47855416937726
61.3853251020648
39.454394136763824
36.817449457206486
192.32959008204062
108.7926508526453
50.83945531223815
63.5788070802901
112.62226777713508
110.7480760027476
104.87418277493045
97.79868323896737
136.25155395456903
91.99269273985337
75.80552927917373
93.58870568141931
66.44742625275418
95.66963392860686
114.74168492159752
103.15751682443806
74.52426845977885
73.5541296322726
97.93921280843801
86.55401840516312
82.09921704498478
110.6616295404711
109.97846568784142
93.92011352993626
80.21070945993175
88.26863970153599
103.61483792373662
116.42090686161968
78.84410372102626
92.68227385084172
174.05266869999036
94.26405943159365
130.63966700684733
79.2032948379672
99.23950668000487
93.65225503498971
64.46502062403933
83.96639748985916
144.6574961365474
71.73293811544553
91.00152472850684
55.01875018849994
64.85531663819133
94.60544225111109
93.09801783174046
124.0268052584356
112.65590241001134
90.68195104440939
126.37524642776518
90.60460938424288
92.7155871199334
109.64927789473516
172.71638309968992
89.16942417287365
120.8428259640692
114.98065852328767
143.58314310951678
140.1561667791333
125.87510275821342
102.47649307055785
111.27076552261833
85.54827171079212
148.74530622763803
138.07555870217513
143.56965237686111
133.84068044494703
112.86543979452608
94.77305497787681
88.90714295143718
121.820003698329
103.12677571482821
113.47599543423176
105.26551911045367
124.80140916528643
120.07770858283823
100.64603071102903
84.38152540393925
116.84699252407547
122.52906837579182
164.5667172062916
126.84639169154136
103.17563574019262
112.20342699735666
135.46011883557728
97.90829588963283
113.2820550701495
113.30136469773315
92.96215991034032
113.51384940338193
103.88871262616733
122.52767277165867
114.48776122430283
123.30138159396346
101.54638800912265
103.13206674484236
103.55136440881923
129.55981006762906
116.53598217646979
112.21152267070549
119.40371629902356
107.86062356681504
137.21491115419522
142.93089605481282
126.527768595517
105.2714235334297
128.29670312005857
167.74351930722324
119.85670385898638
129.36490605036306
95.54497704510224
101.81525994584003
115.33850466786687
108.67640212033673
110.30172161182898
134.18115179836315
135.65454948789207
130.3495967681846
159.11338812059304
103.73953633112589
160.8124724104057
190.11673062715215
132.49567671286
119.74539300815532
125.43248659363154
155.70213370924637
109.41924702143474
115.03857943771993
110.0328727735835
112.64864648502798
130.35329745522276
124.05898037474739
125.19172308566095
144.19358989009908
122.30945205190542
101.05430158409918
123.1305576071995
120.30330848960982
146.44378441238993
119.80473182526764
138.55853239764568
147.91805786873437
120.60233396863106
122.10584317480787
134.23663335052385
138.36609436485318
163.0970807069277
113.53069819200651
134.05819810415466
128.89813286421924
113.73457286041574
137.17984216645323
143.6115711118392
142.8710389076746
98.89854748263929
105.40638136317224
152.40665144115366
182.35195594034033
145.032464436759
155.93822628406127
134.2302146060379
123.11198076318175
114.45820830300936
97.16449874665223
143.13327380030415
118.52570197385297
122.20794096187795
116.38920337679232
131.79495147288003
147.00029701723363
135.02576259272175
116.59698843244001
130.65075137300974
138.48600152709324
111.7102912584954
176.71396620805746
112.82097813188041
115.55713326448385
155.872021027031
124.49384450626867
133.7719472963735
117.27298595843027
124.04184106539266
115.30119374718396
104.14385635738594
125.85576472560815
122.64762863378773
145.76557591197042
174.6946973460647
94.7900878108371
121.11780398349809
134.74201029445425
167.70697142164047
117.3625683603788
115.9250210008545
131.99745078590183
141.69115285053786
156.06164913945565
135.7400653518991
132.94054259495098
142.14000288576543
120.81860137492225
125.3166207163124
203.7934545514332
152.86025265605915
132.64646138576506
137.25457331564365
111.48776955650376
162.0943632306567
137.8736552523655
136.03615015527097
127.51858361377256
243.0796577762023
146.0951643583295
126.68330643474762
138.51907380360797
114.0092317764553
134.20397529945717
118.84253017974359
121.41071931809151
155.23667514872486
105.56417979352773
130.9723024408692
122.32715625065201
119.88876091367166
132.78841377218725
165.79889974651147
111.2521368651619
122.65516033214553
187.35067795213996
129.0743175093727
150.8256925207214
130.78517573612956
108.16489495100147
128.9106846010829
112.82838224880625
144.6137218167291
125.50571961147436
163.3079561337812
113.5428258577799
121.08295584306886
112.15933036806358
101.3905800020696
126.33485675995045
144.73311338614357
147.99702631718506
136.63076999108208
104.21531381662517
123.99762309165989
145.00303968263333
133.862663505854
130.85433113589198
114.00842137448284
110.92052275093
122.13752667631759
148.5904108681825
209.82947470133826
112.99789412808427
118.99238489868851
145.35627725011074
196.01885403581895
138.19666708349916
115.1752446346837
117.45901443459034
110.90810077387249
157.1744442821062
136.47982734886742
167.70112764017895
112.64210493976198
139.4385865945047
150.65592065966771
163.84183919673092
125.55604689560683
139.7214736528613
161.51652374691628
144.83956891277427
134.7696077931619
120.5507071141671
151.2659281248384
149.63528726618227
149.76326921757232
143.9188095044499
119.47286461346171
126.58612183892069
142.25795993938223
179.62499680839483
124.44944521726595
151.85284831087134
116.64198149304187
125.38604619861196
129.80491922781584
125.45001121697968
141.68003837259153
124.27975731544187
143.72220137684585
154.71897894831707
118.47171581223854
104.05995536096914
164.18220961934722
113.84691639597148
154.08793888788517
170.5711671767638
165.15538034141207
148.6345263521759
141.46932043467277
204.98832543219075
126.61418985370537
109.89269283356853
129.3395546831868
152.47811891914444
130.60445296256066
112.93104152557389
141.58932875063465
108.43231370020526
126.55423886716211
104.19163284054626
120.86057476019351
121.14581786224348
130.3411363701607
126.02641205552358
114.49662683461614
160.18224780725805
154.0839551836849
125.97973016534581
123.26187929853772
116.50289983138268
160.19351844245318
112.9608830907464
137.06568882027025
144.8402174961344
168.76571175140924
138.10319842325222
105.54498305433127
130.58021802909354
136.66229893824845
116.894303770746
142.48864723511056
127.73461112550979
116.8190997381227
151.0429750953222
129.53747156361462
124.8826221671786
135.0523738625887
136.6252451863152
124.30536551366542
125.10357225201851
147.61210193187682
152.68549365261313
179.6505605882945
122.6056481797327
126.0502704694037
128.3453972720183
150.32007660081777
135.96695002600973
136.0119274854758
170.06765322678987
135.16952729513952
130.96017799402597
131.53927765929848
159.11544479312857
111.52139059949542
131.55151871339288
138.1363721594256
132.68665687452904
123.6689654333317
129.18761479076073
131.90046023573427
112.60519286550344
127.72737516701338
138.7288621222074
147.08914121500405
214.66053841942752
173.2372964494251
142.20232722108102
183.94838785078622
113.14344322948496
134.08458194955458
109.73541292345914
138.9707366724894
146.38960614417746
147.07248445901965
148.66288608452527
140.04651032673644
132.1546387523977
120.8696716110292
123.10377492180682
161.50810142971196
169.3802560526169
124.44129764559285
135.13808747086162
128.58722549667164
134.15202319329651
134.3529754244336
107.29636495241513
132.49330289952167
121.27243077629858
159.76297988852718
138.32486213289314
112.71892424731553
134.45866701708417
128.87912506697518
109.11948509949615
132.14781042490577
133.41937151584133
111.86304331177259
125.79467340568165
122.38728575882365
213.21318777879077
154.03418313962882
106.26929465375746
130.14247362628856
137.909175652579
171.94688852976043
121.34353250422943
85.25241180036771
114.04562312808966
103.98758608353657
134.1191314200666
113.52870876818808
125.27639868364832
103.35484364513681
103.45126349948904
156.04742985283687
120.55302771687091
117.1151593052728
110.92743915093197
198.16451177744463
120.71504209541745
153.77592821236266
118.37356867999254
121.85144511912695
113.75988824151
129.7940510043149
130.20446008649984
112.2837542671538
122.05089527681304
171.94543721001403
147.31999906906776
123.32653450866208
132.27372144010428
128.26005356841904
131.38221465072021
137.3507162538721
149.48336428554603
155.3756678104114
150.17895400100994
127.99371377006459
146.90397130214382
168.35369998688552
145.92392508093948
118.39019540863178
215.23637723511987
123.64848624290597
147.54831381042808
180.1794769572888
170.36994516214642
155.00054539092957
200.6208501303082
123.39762474351403
110.20892491474008
129.29938976002558
122.50667254278515
143.5504330706198
139.0924365577063
133.17173998785614
130.95814121337622
135.30663749931082
163.81565236926554
152.3627630340928
150.83399327456155
122.53358000328922
138.20417768627755
102.59348449304217
109.61620158923996
118.88464504809258
177.01021027875817
118.73158696322973
125.45848879776467
182.11594646038503
131.36151380769695
123.0592475360485
148.15887682039013
134.83460886933875
129.0837301886329
176.34576380700665
105.82191294406223
126.52900345401359
117.19014558457454
119.83217518330348
128.09582653763442
120.67784958792339
114.98677538805873
123.75485111020234
146.84428440566907
150.47458225514598
131.49312467776622
141.8831995422599
123.57068248940655
136.3118971982395
142.36058386783688
181.13032433606108
127.72072183700537
145.34896358603822
118.6636276757441
132.21088303278273
140.24024540035552
129.01850109056355
127.46325745677223
114.7569861769117
125.94689180276153
136.18358793706795
105.55902544744848
106.61442424894317
128.68772995352055
148.0788927435383
197.6829158568329
129.4015903999542
138.82506232004263
133.47909578575832
128.2774941221504
136.97121740478534
135.22320137360387
145.55476312957347
110.15085159097714
133.70740649041903
138.04933538142353
134.56698351701664
135.90729078390007
162.96058951188232
117.98692695066508
122.90708147613178
109.16026587685073
170.7342107411177
147.39434496449388
125.00867106852989
101.69124124634935
126.65400749434657
186.89205139958537
123.21444835481934
131.0465080999653
122.09571688273222
141.87110473341954
144.87867314243746
119.27297524076174
148.2834768627573
107.73138777974444
121.71186449905447
122.7226282106739
112.08324202329021
225.9007143298335
144.5198934666226
111.51264343935466
211.37375079713647
125.72904634081178
113.64845554416
175.62556440977926
115.49200592870334
100.85997142092741
124.6789662993389
120.52406260289204
145.95384192869102
142.5966017611101
160.24412203087428
148.8472067565029
127.40729319059899
139.75850941232565
127.57892799627845
146.19044134257527
126.75863459809904
130.84202615350492
141.2897213175526
156.04067702614665
102.24376930101917
150.21182469481556
114.68200271043011
186.4554571023492
137.4027572826305
120.73222386135805
131.96392997496514
119.62390693144235
114.58052915282704
127.72770736231722
108.86864647757656
132.73358174118513
138.4685410065108
166.26795282505495
141.87294080338532
87.11163879569754
159.37456082683366
127.10340353208016
135.39211712191653
167.62109806680593
112.02319399742095
129.48056818376483
121.71096406000406
122.97295255116516
135.17468046574723
184.5102960033298
102.91316256692362
120.09688104744215
133.27891685894608
137.5044515930343
111.41745764622627
118.55541345464943
121.10321970323055
96.4601633534249
134.11523572916857
156.09754765189126
122.48491305132066
106.37944155528876
111.08168920735179
118.20186528422929
126.94032350959152
130.77369264549915
117.64607136243347
120.62911814022749
111.48321328750252
135.005509909124
102.32173805907146
148.7637445016754
117.24731905443683
136.2567141389211
156.6833122828484
115.18806346334
155.8768367556135
119.33539756164116
148.29028772895444
120.64375218700646
138.8550895006262
126.1297857529679
125.32882193702018
217.26871476430696
180.41482696776134
176.6082177480543
111.6674337185647
113.46090703760053
123.07008186882187
125.59854452398872
146.67019417013046
135.99305240911892
134.43126465241275
120.35232470591507
127.93802793781487
138.52183224732013
145.62269334031194
126.96743397327131
151.65882156698066
145.49130849832946
142.71566369165538
110.56924989711884
144.84822704591775
125.34026719999868
127.32684250311726
118.01708996521458
158.21718403028098
170.5299227486426
132.68771503103687
103.86904080864124
113.81670513312231
118.44156965861123
125.39967688359191
153.71822464995168
155.54081864199443
144.33615282992344
134.74612171908123
150.1144630927705
136.40312345603087
118.49995617012964
150.92192429608
173.16417882936216
154.69226384758332
139.73531117445444
130.06653006820542
132.22762708609773
113.66471144689046
123.93371892947728
130.1795163227744
144.9120812436616
134.3657915791434
143.02340169348022
119.0154875067781
162.1940416905501
174.52007489009438
130.66697736962374
117.2087710737728
172.72246337733606
108.10840163860853
118.4792946622366
143.0669910258362
156.8917276210853
128.97528674349067
123.80569770071298
135.37917697177642
134.76145384566956
163.25676415224348
128.87660291636726
115.0616571833617
102.2423963317108
109.40061895444674
124.92275152013492
140.61410909654452
118.5882729232673
123.79848178933933
171.9029103147217
130.88038823867282
120.97370167484536
135.56012186889018
194.1895398684217
164.26167882637463
114.23853046589487
117.82228752494196
127.91241842068717
115.57642418034109
145.5054061296557
134.22428162383423
143.81178252744763
116.18398605630631
118.68239233932604
130.74702385274085
129.75160761850003
127.29033338706125
119.83228597030997
140.06295507393762
126.01660508573505
157.8632269380194
116.3785385983984
124.20799078130136
102.68594987977023
113.53082987917975
117.74952318082956
144.8802538895719
156.13694607861785
124.8982977262026
112.76271130964096
117.31143141661431
145.33595909650558
133.05709779267698
160.8233268019868
138.99673440049094
133.44850866321732
139.7397905562677
121.20780188013897
141.04374627583326
127.67351945356523
123.30102282743265
133.94642231833592
126.86905647359879
118.04583171145438
160.18956546190898
129.83914604206296
142.04101949025255
107.85834988860172
115.40498766688806
144.45993174313315
132.70818516085117
121.7723492233167
150.63174949755657
126.39697336797067
127.6423111979956
141.01828672980824
124.01632359234591
191.7172937449527
122.01079185167129
121.9746580950497
133.80730982625255
158.40707803765753
195.85197199880108
122.52247049840588
122.22289752444881
174.06430165835076
134.3746836502902
112.09525046393323
174.10547735414588
133.7618784052668
110.76596993191103
124.0767568887787
89.20621722034227
121.88305236941166
121.71194307299356
123.70592429670938
106.504035312452
113.79975718580563
111.38303912923374
133.3099485224468
105.44680729773422
124.91875054764314
137.65497152969644
152.48805427110986
174.52855156402524
112.39803365731814
138.19224738661225
121.26578502537305
135.6797312540217
142.04712378884184
117.86246772013877
141.73870136333363
110.64911950237222
127.30645874115287
116.46063012582584
119.5266440174295
134.4209214787979
126.35506295948925
101.76470745880017
122.6103531953016
105.77804461352112
134.22968651695925
123.29960755311821
134.1333903407273
147.878499987028
120.60660417356488
125.9273116232778
181.6247368175303
144.72945242167805
165.70151672071287
135.00232946950385
129.15470641298026
146.78039552302337
121.4379785284306
144.8486225766383
132.9465921738328
123.14072377053772
118.93019019413836
114.47008652049794
127.35068805163613
101.84932049173084
131.80459438854322
137.25417408726096
150.8021818024267
149.46376128222914
128.13707296126103
125.38657534425093
134.9051831512258
123.03258150978372
143.03233254933514
149.6852968594226
129.17058593720765
126.96134662728856
116.85672927749046
124.65687469488316
150.7094368269701
129.58643617796824
116.87989429736362
133.20003828337664
110.90114265290417
137.6706723790407
119.82201638163619
113.59145293986604
114.38852757978093
101.76557118194383
130.97318561345023
121.7547647783847
131.8701578271804
117.32223874769815
168.55046170413254
123.85135690991251
129.39394317759653
153.0012239809394
128.40820478972995
129.53191897379804
151.3009878477711
149.7305121768924
124.519612706752
147.7489004026511
134.15619699750232
152.31641282286807
123.15580510046823
126.41309779936131
111.60393031558931
129.0129932384305
119.70434494347238
127.33595574101233
111.04259437336911
108.65608317991517
130.68596279598273
116.70924359297958
159.65102565823537
111.73678716976382
131.42662430235256
155.05951599889255
117.29809275143728
126.64337232284467
118.9667880348036
126.64336855622857
108.17315503752295
119.74557424804735
119.52947705141635
113.91012295641413
123.35581086304526
175.97146277357518
113.51311144555444
174.72281159120078
146.36714835240826
150.50450056144828
94.29353969268048
179.23924754219684
163.83831543376522
134.11971555265447
144.4900393622229
110.05905672334578
113.56870676095268
150.47303088973402
119.57411363297844
132.16361012270542
133.96707136889012
135.74890306546527
117.36417738999526
125.36626886644135
117.19141035852368
128.06355465887603
149.8165740201429
142.4195773587529
107.48172376926405
114.76120261290355
127.88382894950686
125.14582060859067
130.87678349132008
162.9033344967661
134.04326460051766
144.14006485164208
116.43654121871917
140.65067250831282
153.56115774302887
160.9536859902368
145.13710794576693
125.29709685637822
137.32581957321898
120.7064086624864
134.4861571626305
147.71674185439176
124.95231399598048
115.27504585407061
158.71871790748474
145.70386723106353
118.97044113519995
101.91131121847835
92.07883819380919
104.05232985159003
113.57381914605149
150.6384428680129
151.28571626673855
131.0079134326062
131.76724250253832
139.48539402312116
117.26724085977922
128.43940737911882
141.3999549529607
105.94580986120235
124.16364473765357
114.49002426623998
110.18568561359886
132.76899905851195
108.40766677742157
139.11793704015608
126.57119488712242
116.90498533063017
111.75448008158136
128.9376962383107
122.01993100072235
109.42130899820859
114.63261397263112
118.14540661512262
120.35578011270353
90.37575124754606
111.40942258525912
139.50104366421746
125.98774102605636
166.40887351448333
122.62200362709596
121.64173804414713
114.12923872584912
143.2721699859748
111.24666640989759
104.30015798638583
125.59633072146808
111.41144195994399
120.41269936781693
167.49175724677144
98.52578881300118
141.35295800874772
148.59119425573056
119.60909359789612
113.15473914676149
120.09226582723927
171.8281263867203
112.29702405773955
145.93646258329258
143.405238739684
123.14306011734172
141.924938593519
115.58505672484853
132.3209935354096
165.76199408033568
113.64580307122763
256.9097116262948
128.67277720292742
143.08854158302864
98.5296283002205
123.21821273957937
148.9818035914417
154.1099733296693
108.54475257531095
119.10752429885208
132.71632993323243
115.93394343925195
118.57178634990215
109.60616836474092
123.02341223737628
75.29668208319336
104.82506113895661
101.89723637927956
110.89612154596011
99.02299884507345
151.71362397632413
113.80075257879678
114.55086245919354
123.05972908313309
125.16114299546209
115.5690058201514
121.92540119227978
115.25541414043498
132.73215434437
103.29736087029634
139.3317958015297
107.87548751890456
131.56275446767648
124.5230962952894
122.07627083273837
107.7989385790328
118.81602279780671
119.92299604970248
118.39863832692559
107.09179632120753
94.8188603312828
98.68471333048858
164.07025661812412
108.84950380142391
133.13063639497068
112.01188887381993
102.49698135030681
152.96201076823212
140.12489690738903
108.12559902957679
126.44867036396604
125.60264602786268
114.9036739164627
115.0948087339025
111.30354247094768
111.73526593182132
122.72415657829403
161.62883896178232
102.14473512596038
149.80838521634033
130.3495085345958
163.51123081779264
110.12388188592924
114.21631102232055
135.47109743039366
123.11071949413552
136.16942710392905
133.45822729405984
99.44985273170245
109.3053392707037
115.54129765906698
108.04748706888864
124.06070140149573
114.77903859330429
199.57163595640426
106.41832935641182
91.63155183459331
100.69977696358612
102.28747167749103
103.43742570228343
155.93541306292525
136.26486155280762
125.1418749943532
129.05811912763764
259.29960628465966
135.1984731698543
116.20565281024776
132.03324707276462
117.95418587200822
132.17473841093172
126.02843582875818
137.86084385797142
106.90146071656851
119.42012361549119
234.6148576199323
117.13167346013492
118.75751093847792
132.53941048752662
108.58557074043829
121.5908721109592
140.6610860278881
116.16346413011539
126.1500287498825
133.70056608803128
135.27460862221193
123.96562865180623
124.4943910739668
136.27738947155373
111.2822897531719
144.12156360070742
113.55224923088964
122.11361453930887
113.32068226612965
108.69670291355948
106.14690913699476
136.10272035944132
107.87802669831756
125.60825859512909
102.1285225691447
142.25337969520115
116.72597294821009
112.59472265191502
106.80206011715478
99.37193846868016
124.0445746583871
127.91192429421895
152.44872277143543
121.57448835279519
171.16343450840094
96.00900898531711
135.2267524914762
189.86767446318896
140.19298481322008
151.94334418355615
127.64110546426154
117.2293936402375
112.67576936115864
125.16106797576836
110.3503233879277
127.87217837449838
113.54882469450234
106.96147750396008
131.47752973463182
123.1870537636983
160.18072178974575
120.4482889503575
104.4709972264806
130.00761562065367
117.95936185977656
114.41473839523339
130.3920359768755
105.15946262213107
108.61835934628932
150.87134071401184
116.48149967455808
107.43005343160483
105.95006990032567
147.5813203541182
124.67688055713718
145.41449686468965
111.16835917921829
127.929748780329
120.42273040283196
162.12687316991781
134.38477919824348
138.2245424692844
152.55931460326354
122.3463696223921
132.56588958210676
103.14104694691598
114.36457214468432
119.3708615821932
126.17546869472532
184.30174575304235
161.53830767193355
126.37571293597733
139.67237123400028
125.86560397796976
117.67196728525381
97.68967115761454
161.86921640427022
114.8619060067645
200.89079246919863
117.68579343924193
126.46324186374642
119.21456994853463
152.20550914723583
146.20898400720816
124.52029119093005
120.48124321013803
136.04810828910942
134.35818819895812
123.99320075113513
159.7775972278724
132.48090484411384
124.44545093254179
115.723305148568
124.18243422869993
135.74540911286022
131.24189768832514
109.15014386273397
133.8686428610461
124.21458492741317
124.1633927368871
172.13915856391972
129.65988446928193
134.54224448224446
116.75002173696033
115.08675258521875
150.98604873744733
137.82212323660224
140.85872076094103
115.37861047931102
125.75582719741867
129.0316120415385
113.81720524594442
145.31005514243338
127.16573740529742
116.88335919882222
160.76511949334838
131.07693440409685
106.2838974722051
113.6366347517118
180.8518964786214
120.91074604869894
106.90778953041449
118.82848222237224
128.9794008582707
119.37908453213802
128.59904438593398
161.29170250286347
112.07292665560291
126.96794897646993
121.3713139756674
147.52606679444878
112.31991953439703
119.81808176634367
153.03679982523326
142.8720813916023
137.91199984687086
116.97762943934251
136.35591764163723
148.36175860706504
143.89722204754833
161.31095333002918
142.67826514385047
136.51521625370415
128.59433535345454
130.5155602398812
140.57757440362695
108.49459469000422
128.6569273699239
115.25921760107298
104.67820375328573
107.39493187437742
129.81722062429904
183.24616318171286
150.18527322982868
145.62513815474486
123.06383302436332
128.10930834901404
128.79118094427935
134.9762532704351
146.3909982800026
104.00246129665786
131.20673194585547
112.50107711587506
132.3386414037991
146.10175616859237
128.30540757622379
142.00495840938925
180.5252660323898
125.22028830307431
122.67184143529376
123.49515443595438
111.83783502099061
124.80496157773553
127.85489468545613
151.47495678601706
145.92046428759573
132.50669913962886
174.82096031116419
118.03922287554218
107.5009915256085
129.68446587986205
103.04816720649647
111.35820697371199
112.64757364815108
111.63285225835966
187.17469601355495
178.65969699039346
162.79848004210427
125.63304344827478
118.67369872448134
127.47990132639836
118.23221264907436
123.00600031022407
129.03330438606142
120.16218798857973
141.91354086605168
256.5996818333401
161.7463072064602
123.06797676143906
121.44729031056983
99.42076240205336
113.91757823026408
159.91470549950816
135.8842060113219
138.9934453355874
161.82907946614276
111.0885215758484
112.32045007210215
118.978624395809
123.71906484697935
112.54909908963042
108.51750123317552
132.15852438724187
150.49271312707404
153.3964904855768
151.54537379636685
138.72073671510847
105.46697779753394
120.35707291066994
124.1067862637672
122.2545815066112
154.67485064121217
127.46620204851847
139.27119808810102
192.76965532993313
177.9526856410997
105.58412684309869
114.30859583896896
157.42534298632162
175.2567374758372
165.39310326734855
156.35900077881115
135.2204771135405
130.12759050964448
114.00821644872745
122.83737542454415
132.63504487449384
109.00264130126833
138.26818200641776
191.57632097082893
155.80859150926435
138.40501412115296
111.30553765243286
150.37064999683332
166.61298230279252
121.23485746412028
116.1651845919297
136.21121804013785
131.53717499801212
115.1946863329665
137.67423317679942
125.57678889204277
164.97855738257496
126.71726711974351
134.82024772003206
126.01570383802537
213.98871275574734
145.05828686128515
119.54916062417219
150.7180304874727
156.95903486818793
163.5792488253469
125.32081795320813
160.3372144700765
150.12273015450359
142.34375721628024
155.68697654020517
152.34008623879035
133.5087517376039
114.57724575269052
116.57937062347514
123.91253801430386
145.69725456551708
127.94502372114968
118.70636610722569
123.89681580604817
148.4016875156862
133.05082173685423
143.88918044247
130.57451147946105
136.94787915597485
110.54442993890748
127.67786713196392
135.90298453408977
144.19289553414242
114.02994588283633
122.76090705649094
124.40546611055625
141.99377015342378
121.9791205287109
145.09236067010633
121.2406011968871
143.12504157229426
149.39528180984544
188.0937918997391
129.67636847810002
158.78692079360889
140.1288302443428
117.21721781483255
108.9406087115689
118.10078512916444
162.91253640399702
163.70404441380109
127.2563723769568
162.48964739759546
102.95694667234892
139.1319420255735
118.17953748650461
137.01441879396512
180.59463943972452
110.82098379006793
118.06185560855558
117.22354231913319
131.31524976699023
120.31627475238241
134.1510342931157
126.53448473699814
170.6586845914089
189.60481185125295
99.10062755148125
121.23373138413778
155.17342642009746
128.93870968609798
127.22533172283136
146.09843067203042
147.83395431840202
131.36315924904645
128.04364204145082
123.34418542835992
122.67394244075125
141.87588827001397
129.16404430751857
130.04433885795336
188.0912483645048
133.73819784063863
211.1281783805843
160.17726663931805
143.38291896994025
139.87074908949853
141.57249779849806
119.22901381929279
176.53360215944969
139.10017682538907
137.44920480489895
136.48018726726076
151.33839919168503
136.9142393238063
163.47764531739665
239.1222255718399
160.48629862587524
130.36388803476075
128.98940846763068
130.26511656526284
132.06452630918125
131.29669991885459
140.21335793213538
193.45977868863204
123.79848506670834
144.02427465962057
152.77718799851664
132.0402240715464
132.25883539160105
180.51557879188093
201.7131013273224
115.76415649246209
153.19890059946763
131.25745967716162
135.95926828951718
162.51136030041192
124.90053148454268
122.82481104170726
133.3225113030239
139.99582143824577
148.93606573053384
142.632719757572
120.3708409770294
113.9277914092917
133.65646395373997
128.37569160313535
136.61449549559615
129.39539789803806
153.89570896871595
153.1938030614939
172.3462609372112
143.86170253794464
134.71095020264454
151.56668672755094
143.27171434090874
120.84183094801318
129.32924179791155
182.08080896633066
164.09685351665593
135.75320142847178
145.24304634725596
182.77596255876247
153.5660055288341
162.45308155259713
150.2465093386843
134.0261947076668
173.7131820459032
161.22961248927902
171.27442435568514
136.02294834862437
216.69870484233363
114.99666963502628
113.81051474497052
135.9959783593135
142.0584195835015
115.88337391722473
175.13835415006724
128.0414475426615
169.59322835450047
146.93419477264348
164.45839171236037
137.3275653038204
146.4578287562798
126.50543591426556
112.75629064001413
128.6070005576655
138.22329670578137
120.68201938089524
128.13721416554307
125.97897926694874
103.95318875435312
114.36315578241867
110.08084101662801
130.63830747265288
142.99773533739133
126.40101820608042
156.85375572910584
188.8376610867448
237.53244010664937
140.42557526789744
143.1390588529133
164.05623166784713
142.26798288410785
140.84946890516602
147.95237773748494
150.00862144804205
166.76002074809486
126.26213019477697
171.49004977144094
138.52801633280103
126.2171250279938
138.77119742934752
137.36005811901646
132.16998204404268
132.06874159068158
118.65889281448649
139.71131774066168
136.81638263838747
159.0566073699692
151.58106882003364
179.7898911029931
179.63661801822317
116.79676935535198
152.42575071649537
111.35432980020927
198.75546618185092
174.5356858894266
138.50760402131792
168.18202570130512
167.34630404278826
131.25695919170215
189.26122426271425
199.36275932269632
140.02284608093845
129.1538028318939
163.10108679024492
138.8073574868964
134.06276796163343
130.84111374598754
155.74936122213813
138.47750613045605
142.1225216548545
171.71338629415203
166.48156263014425
142.99223297172676
133.33126210397117
155.50437063556677
143.52804857603707
132.3381881027922
136.8235476113651
113.03366103030494
211.6389843046783
120.58809862286566
165.19834225067189
146.24677912105656
133.7722202744725
127.7051885441995
126.724755707534
170.4076031026624
145.26362434421378
159.57614925758025
157.6311539936884
171.77853909679115
150.176176708875
121.69444650432379
138.23697023756216
144.48621620700413
140.0681541620852
138.9841276992859
125.08791154866937
135.14199605469642
123.353604116982
151.39687486851443
149.8093307860639
145.71019712710952
133.2984889215632
145.23115194950162
179.26965760776315
125.65380344646057
138.23858484593254
161.9356823830432
160.1882003400333
126.51046019565294
139.53210792459686
132.55027126541697
139.31650211814465
145.61613330588906
121.90899649459952
135.31421782120734
146.58290036238407
158.96994612749347
141.21947193577182
109.21539407029749
127.01558946899546
158.24040313761856
114.65038122567452
194.02476756972894
111.8592114318089
124.35183142311746
114.13152251886761
152.9236596552152
148.12273766443798
146.15906955615765
144.41750641812374
140.16427436214192
207.5368004554655
126.53621028889897
232.78274035409046
149.13985822950906
138.35972697820318
206.2311113494773
136.38734100139862
182.57506549637034
153.03218506379594
125.94258122450644
133.32892633481487
135.27242353277103
136.9990826145937
117.562579404149
130.09415123580825
121.43935354861728
184.22745676158718
132.9234465992827
124.3838004243373
137.0176735979532
136.67578209127606
132.11446762944797
157.97415161546587
117.9776923746852
151.55421888563617
152.5933078089245
126.97148986119086
128.97937296540115
98.9540924207735
193.4757139979216
140.5247321630234
124.4236008799506
137.95535719688698
121.77156761454683
136.0340465062518
129.20402112399586
142.77883090555477
171.6110654918063
112.19769186699337
122.76161481427475
121.5445743064364
127.34774871143891
124.68635838228656
125.02217037461755
123.80256151952064
138.71146123628162
170.97744774690318
151.725337910061
157.83996838584238
146.39799023165202
116.93943505820022
160.90181155188083
163.65407934598875
128.33020801223785
139.23182481700863
133.7161492535825
131.4615126703161
140.96671102555078
125.6581917581092
144.90209942388898
139.68913257149075
165.2347456743852
170.67393453070778
130.43616292917662
214.38015757955833
168.68999371144074
186.21109096673447
164.96173638681125
139.55316871898833
126.14894565038402
152.1484790892558
116.36601431356345
154.81290255166158
148.21545135078304
193.79404797497682
138.49877110224665
129.81399017457642
138.05820925918601
126.49355934299503
144.71915253829513
145.15869167880786
153.55745332707576
124.60904539410225
156.27617241844376
186.0787031483768
164.16763550917733
150.737635459756
154.0846100134021
184.16334651633355
144.7767141338587
178.2779244310188
171.0746402768688
147.76579602884172
144.94852364188452
161.85518436919054
127.11280331251606
119.33690702082255
174.66578244376478
217.2701058705483
152.6903630890836
171.61005720753792
168.33788688309718
123.19592913809093
115.0489101014085
150.04801017399802
162.312845991585
162.77803722219372
155.25220873666888
148.87785815262117
169.10228409507283
143.54903969473102
152.82455032159163
167.5431997821249
163.20573704335862
193.12865116764385
144.69113165897517
130.38070518756354
148.85251138467325
153.28057866991315
128.61511160685745
144.1257661862963
176.6926124430901
157.4725611530802
164.55561444272567
147.0691616175007
149.24275248039547
128.17611025389607
137.8621421012841
125.93985783480312
180.14241990073978
168.45470555444953
161.29445190087313
146.72450778010142
171.1846493718768
159.12892920997822
144.8874318087845
153.0687582193488
152.45926585607322
136.3702774384683
207.62912178382305
190.86883108029434
154.52953469253976
281.2861718894822
139.41962005447252
173.3559932166815
131.10259458077155
139.79015925177467
139.45488375375075
136.71423312174332
141.74831962701128
145.09406475338093
125.82508500656593
123.77022547873234
132.6438904111606
144.11545255229524
150.40130837480575
168.72720766482814
151.1877542982501
151.88868520771396
151.06334967961928
134.7298417653371
143.9003701530251
182.26983177668882
119.45869599912444
145.91234240226552
180.1117204136297
133.51685079622808
170.8768843365758
126.39399586208229
166.93781642717735
168.9066839886833
155.92462830608505
163.28471636568926
157.61984978409697
157.49976761601025
148.23120351894252
114.66980788525969
123.16884405899044
154.09624970765995
123.11815819803272
151.22310582779951
154.87781491539204
153.13194049214985
162.20337120026028
174.63028826976537
149.79470955814625
137.6911665946058
126.46500094634924
137.58825939999787
229.38655591933215
235.60133020471767
132.8510465250019
175.25132747154277
114.51526187531438
175.36766523466025
159.36199518780907
130.43263874650285
156.82477636327417
161.9351641672841
125.79199583005203
180.4069770933595
160.63663944317577
145.93390470842792
124.5490764486967
136.9131860902032
180.3847258209015
146.04741082716876
182.68624692509593
142.77501575253046
151.82475569035836
123.75623127734603
136.31758215319152
174.11034642526732
112.36288579717196
166.28763997289533
160.28943965275752
132.84894826913632
138.02976452559489
169.63804662773958
119.5593063948442
153.32593004623283
203.18470237576122
150.79243558885295
140.02067097753238
153.17864720330294
227.21381429979405
152.4663343300985
162.82329767963606
133.497707323931
139.85525633596345
162.9016037485974
146.81378748234675
123.6539527325207
152.67821193733118
133.12486924330963
127.16379534601332
167.8408014776471
160.6714019043678
145.00984822999422
132.7419484307976
136.5208451658828
145.3565739156129
109.42543461624908
123.92560411203961
195.2304470906484
137.1721307557701
138.86484292304826
123.14188126980696
145.4158291124017
107.72261959636458
136.2708830245157
126.72944591794813
128.13137213610733
132.77203896022996
136.11688911508568
134.1413385874055
138.1836829062597
130.49385339627634
126.5528291192186
172.21277428508094
171.48763719787775
156.22616547732792
129.33375148935772
129.33696421483052
137.9522370571061
125.41938253461342
138.07447742313744
151.7230265540169
131.57921935239432
132.96792502399975
118.40582479050438
191.66054706083705
148.1907877331253
161.37076231598422
126.97432027795533
142.95359527676226
121.35865160383416
136.550712706207
132.23411581531514
130.93408317439608
112.41150567845165
149.33869009316538
130.2591132913311
132.43580972909768
151.9812430830046
141.47412264735217
169.4074780794415
151.64962951009372
137.84431931815226
121.58789456284121
131.72945865701382
116.33851143629161
120.11827826878184
144.56420439699698
137.76796204271585
123.41329943560672
141.15284454016063
115.36902978602441
144.18167487958786
114.94837731003074
148.60547082109082
122.46598643675966
165.76221148491433
123.10532003670468
176.11693587182782
119.62392898359738
151.6966053065788
123.73528474391945
121.9925626833206
127.50664102965263
129.71376550930307
129.50804038139526
140.77428916682342
140.80629800505625
152.5128275387469
141.11267654026165
139.91684869495032
106.69199614922735
173.72619941757833
142.42495260562248
159.3872829580657
154.719018901506
157.5534683216827
170.78266456192927
178.9473988544022
135.74584572949536
157.28288057169766
124.03650005150119
165.76486895815637
148.15570348374953
144.1038345548172
187.7927518219554
178.09394173452569
136.9467088933358
175.52652737089733
146.45132352379997
135.23093130604082
154.18013245092507
140.42622667882628
129.0619501764717
150.61671965725307
149.705611065597
174.5921763385866
139.75321162195823
175.16730794393914
123.61342804340988
153.00380114784136
146.2966341871083
169.72341810100664
202.97533571935264
140.97159756013835
124.75274424337903
147.5123680902887
128.48507463846244
136.06579445151178
140.99794250589648
169.49323302366298
142.86856990079508
118.81097643883216
139.3238364857217
158.63463940400803
169.816355821325
146.7769398709939
128.46841744908193
144.6367524046587
156.02895113623072
190.3641190324945
114.64409782236488
121.91277742671225
142.07454319269334
152.6702319004863
170.34623413728212
140.35559906053226
155.8480826312651
138.96623578087565
171.7842421453167
114.33641817605115
118.59407903800069
149.7668547485824
135.0602065047921
159.03323072855397
144.45011009809264
145.07836998868288
159.3584597300328
115.69666807524554
154.02258160403198
154.0078694409276
116.74300898168933
113.25274030575129
135.55956491760068
152.34414393572152
118.587494280462
164.24159646887404
123.79359207614921
141.01962758376712
140.21578819604122
123.90105913900771
136.47025013706238
117.25691501033707
120.98870281416964
125.30848162972651
130.19995458873439
139.6403631413727
135.2793226824218
151.66850926547522
126.30611336612449
116.22306599227117
121.79186632472103
144.87648922762887
168.69222001403102
109.35693889830677
161.50196752570793
135.43518967923836
123.06352293961474
150.53370281784348
144.30600497629717
129.3291602183567
146.4575430936296
105.78983308095447
161.05985891712496
154.96543662245037
115.5882098859747
123.93768989515803
105.76466095030749
184.26345171835678
154.14057792652181
115.00798385748621
130.11477561838322
122.48365930115202
129.37598531520982
203.5837718155332
120.1921486604876
172.69901329315172
209.70939471979062
128.51831046974254
143.0693770691035
138.06476298123107
132.68767341737455
131.36811386177746
103.38950144036595
132.360439735355
138.21947798071088
149.7248575768707
149.73051254718357
157.76148203955748
180.6051840116265
141.13511190486685
153.6054429952699
166.14297063250814
138.28807854825536
131.4226002454612
137.16424548718555
144.96367404723728
162.09819810009935
130.35775319072005
126.08226054903419
118.32603218052883
125.38556497422236
114.39238258524294
157.36529066015032
138.91414101117044
125.91466439484282
133.2622077864524
124.11564520074991
111.48769632160223
192.26507658416065
146.72921198035885
128.23804678959044
146.97569238933767
127.89703845219421
142.16965118911517
136.14254993343772
121.54516328821835
137.05512425051484
124.030611000969
123.25853033694194
123.3661178697316
118.62044065368396
116.08515404940121
112.40554084665347
130.8290759607196
136.29546207943804
135.32284822590398
132.53061874149674
137.07348442663897
106.41021964294168
123.49674272884204
160.3602614590275
115.18585957985802
146.10664808815397
124.68394521804566
127.30500499036167
145.66812749461712
131.08772630971487
110.70901569814377
135.40397735996217
106.92852826296597
95.26925510548504
116.04452846630059
118.79280886068274
121.72705273555036
195.45812623751323
104.87726945783304
168.07286940661734
124.24708438544138
129.58732939036386
126.70005346726822
108.0185176794724
130.41003983682012
146.7257281556396
119.46454345317854
129.18195955896513
124.18100700875901
116.66916271965555
137.93804809783563
107.23517288467511
126.62083291803376
171.79436158030165
127.9759651438237
109.02561323761975
137.5774131028115
130.79731040578665
170.49929069435686
117.7668443320227
193.76273821167683
225.79906095462155
131.47131001470927
144.38170795218235
136.96261924843023
131.98433578871902
168.10967448268593
128.28054129876995
135.23549467153637
141.95735416538682
122.37846032870756
100.81418306558761
108.21603316149785
228.70974300482155
139.60195290620723
124.59874592600984
141.15828974370552
129.71915908771487
133.8669474501402
134.6922216778046
150.68382345417982
120.93918046570302
146.98473312814548
219.91364062735687
165.40716049092043
128.61072021277386
130.5940536711105
129.37195055966154
131.08427116591753
124.77435321856687
146.3300880726151
127.01663512374151
137.4249678289125
129.82497878131016
185.29575677996925
154.2280706094596
165.49272094686432
123.55739547144145
220.20438651370202
151.91521819729192
140.255964054298
139.81693066843502
257.33422821395794
143.2219346921142
136.97558531395242
126.46144869182926
101.29262829910662
142.17867584825228
140.24599698518335
128.73758058816023
115.40042459578801
153.39466673774726
115.96232977292321
136.78421833235316
136.87458430765608
156.96599690297165
145.96905909759994
183.49795902206395
142.54245565957584
118.53097721080903
127.00818864543577
143.34554439412696
174.65895895161734
151.70237370385996
191.10814792115158
143.0560390934218
115.71544771339464
142.48916351132425
155.6389586038735
135.27842060875363
125.0112208424669
123.60459073933856
147.97064818058385
170.2216097564582
143.7772408781673
159.74106774110226
156.50453318823648
133.83669305080488
149.68455322790888
133.0393702774172
121.96801938386554
124.74589714912804
138.12921239750955
106.72836516954014
132.71621335321612
125.52064743054976
117.72491085864098
116.3351983693168
150.06940233893283
110.76176785246652
103.87456380598861
197.91064565446067
106.94813519529546
143.84198939303903
127.0358075733841
129.68019118053576
122.67278309638078
143.29322515042304
123.4936522113781
121.22248107534065
149.22641266787596
112.2301231945155
115.41620384930337
102.55018600220764
121.66018776393702
137.99179784885322
125.36963371249693
176.65940409822682
141.6130994517304
128.4965072514932
157.52052075176195
155.33679124255357
118.06069552801426
132.467460293386
144.89548754708844
115.61816131347169
115.1306149842429
118.95020041209989
116.69080151646703
121.92852063136031
106.51780766677182
114.80209360841211
163.85081671333703
154.14238408714917
145.17791550674832
130.8010793329007
120.83529795760616
118.79377930588916
143.63035706398017
115.98329012474464
113.73383770047067
114.33760952286507
141.3122338869454
122.76540594655208
141.29702203440235
174.04876438883082
156.85071712345916
139.4737007837668
160.28363481508228
136.06270013172553
138.52374494798664
130.1094335721417
129.99855466046182
150.365667076341
174.5820510124801
139.91389785857464
129.5389421177117
151.7140059903468
118.02812348770823
126.42344417841949
134.7967796010769
147.0571785141143
139.99069526676342
130.18528440999324
136.03817414048902
142.198888956242
118.07834751339273
125.71190539964951
169.5604759075557
125.66527733848395
131.30207899254404
142.8552792674019
136.61406816255882
118.59140379117797
141.18687741370837
136.41478682931506
126.14027964341136
123.72468474965287
121.3106397953302
158.80008056556923
129.58490065551067
129.33928722877573
155.66380141358292
156.62805925919082
130.18204084838462
148.07747649132097
144.1373432007242
121.09763055640438
155.661211896317
147.31012505658438
145.19084258567506
142.39520603388235
154.99067894405744
141.8097022007198
144.0731244589073
138.99629408267504
138.35413919204564
166.5206297564264
140.20348051567098
133.69952573329257
135.32157433663
136.4225159465952
173.51545517125732
163.15132628518984
142.7655757082998
173.12266341553538
187.53883625734053
163.08744005908986
174.6006739534795
149.4950073061689
133.33726971464034
141.13136352680536
169.3444420164146
142.66466049835492
138.07636326874575
180.5053076185459
171.86198561571186
156.53617396543288
117.25884932123687
169.0404950834661
164.6422309683922
122.97850133150831
147.78704798979885
188.0505561454032
122.75422434627554
173.18291547622124
166.31641692663948
159.49263197660423
132.23030175615725
165.7426997263703
150.9539954256478
161.30294385592734
148.68942190265554
147.57059538348054
143.72917983680352
141.67218180663295
160.8621689257171
185.41806980527642
144.5710688169467
132.99715083538842
131.20084582675574
142.18601066096582
176.09305521841048
123.32255085520009
127.44373527264636
165.81514216664272
139.38467824584842
146.56435469681688
129.14373072565493
136.97100975277183
127.74285621783974
154.8916323957996
127.12618554005694
135.52626127354878
120.44826665094314
158.60125340806638
140.85063254795276
152.5011448656576
143.52744796856956
132.94424734765383
176.74115477656142
158.44569711030303
190.51754879490773
136.68870696743596
151.07903600522076
169.69866272387816
180.27627047237704
172.24794775509994
142.23276381471092
173.38605664537417
151.8463094293799
158.3343822439978
181.14713581907074
159.41398932562902
145.61384443040114
215.99637054717684
185.26722159374393
126.09522026521303
179.45505011848653
151.67270578595682
157.3768071159058
151.48322379584963
129.64877255232946
145.44514665489862
188.5005011490352
162.6172451424611
162.50655244190483
178.41975936833438
140.65906236112076
111.98306148426671
133.42738199938404
156.42341991559073
158.76984725384352
188.62049968827864
122.57784994498947
114.7809220427719
151.10620634334794
131.03392903883514
115.17792930549427
114.8538350495583
116.76638336675305
136.6586870395554
150.70640543866176
156.69811595825655
111.91826422854429
121.22272423791676
142.31099866226165
171.16591094701252
145.97512471850007
125.27106960686113
140.9356747722783
117.87502794007798
114.50972495392362
128.31520034570784
171.1389754446314
126.1156036466155
135.0473186170181
110.89606773152414
163.9647879395395
145.46422074502254
125.25544964093653
162.08838283597277
131.24635880656774
180.21844085668772
121.55318145057637
159.60815600919275
169.74508063076374
122.71660989923673
280.48348073521004
159.8183370143561
151.6160209429585
214.38496942440318
149.36745983460682
158.47316379628012
180.3565511996371
188.2958456568794
184.2370673740494
141.68657505178197
132.8103381363149
147.44293706383473
199.09599812154252
119.63852253964936
142.84187774749972
131.79920675904415
127.18800188699878
165.06793584167323
157.5331881397198
167.14361045159197
142.96046876838517
172.2129746203996
165.36521112538244
128.38470425306667
161.1948212029734
142.2721409944751
153.55157103741487
129.41533054435737
151.5014211558524
133.26532098874512
142.5067831021623
167.47433081517724
126.4377348754771
206.07837136797778
148.2908503196403
128.51221439487276
151.9275094270137
149.95678277212866
132.34507527534385
138.55304363816992
133.0420996461762
136.7585379595286
129.49903186687953
119.1137319912985
116.18618336246189
134.28850122030298
146.99244271428623
133.61268297372112
125.93827001261107
127.25695583913402
163.51069590259266
159.52518915901578
191.48194651108142
128.97444248145592
160.8077738571116
137.26471070632974
149.5180164276264
162.63111052713802
136.52537185367405
146.25624704424288
169.88208018700035
153.750725352416
136.32874834738018
122.17468677998383
114.76009487228988
129.4168822882023
121.87554039191905
164.27579582125955
161.14605039379072
178.8818744759646
148.4189115965333
135.78068861212043
139.39623085006608
140.94798638533575
168.52820377519842
134.995831278291
125.25145420567014
158.0946095255014
134.2894412891277
111.4634218138066
138.23029877402095
130.13310291511453
137.50465726563795
150.31563198823315
129.94548440803146
160.66198268933968
141.94748103599503
133.15015464848895
184.28037125857222
145.79191872480635
138.1351869027654
143.6307206604493
131.4463785839394
128.1726935900716
125.2955334791113
155.9337710770226
125.40734837049183
159.99452232265
190.77729727941036
154.59826085912528
143.32108626244525
124.78384498851416
160.05305447288083
142.40002034977817
168.29472769990093
114.26138539416576
159.21926732936927
154.41018447206065
144.5259105484801
165.53145876033633
157.81001544260403
140.32145595252976
131.8321339008894
137.61722379971278
124.74869578787735
202.7724881218764
186.53316307233536
141.9843226329233
142.652927385612
183.68971905323522
126.710645712938
151.63140426983028
139.32327239633068
136.69463789225748
142.93478191961205
142.73203637380806
138.74373617241042
154.9459847952853
153.06379860678058
137.4723056454848
135.01225044995928
121.08899852320236
134.18435362791902
140.72459562371233
149.64240323507107
132.209920155153
143.52918676577835
115.81366839985932
131.3840820510275
163.82115820379
169.243418573363
118.4372356590048
146.48795314584655
126.1648482980297
129.7723949428449
113.6672758015464
143.63224177716677
118.39483514842806
151.3539167502386
128.9058183409919
165.9929139883096
125.60991779915649
126.75898542443002
133.07657548409514
132.26895547639288
136.93670670597126
126.63003287180824
148.8271333661589
123.24732135966448
131.9590307408207
122.43206610408535
144.00717821261827
136.77418656931107
142.39790277678983
126.48805263268373
179.25698604549046
136.25002520409808
130.83768847043538
129.16157408905875
155.56254591014752
142.35218515701595
132.68351302010433
134.27528407418893
134.752604404342
138.02023792973583
131.42761487274018
176.5428772829854
126.71204983536573
134.28040828461607
129.86383027981063
183.8034283249273
124.24642430181784
150.06860152691877
144.02149541869844
146.8213622731783
122.24569652351224
126.06015193907513
139.52157019544094
156.82114940169672
129.39777591096578
135.82123061490222
167.87548512651298
159.61017629325366
130.76091118425916
123.88553762872209
154.89336131784975
142.64119892918418
131.3883645319363
132.5900094940476
110.60477823990293
147.06177029316015
169.57870360199354
113.14859537874474
126.91510105073422
179.02677127319583
140.4495513606686
194.59980739385387
115.74839150890314
106.90983099067765
149.77799851887013
160.6216433664474
116.19061185905343
140.53517504533053
144.21469214342517
128.3858898123061
108.14162259224844
144.46499556642055
140.54765413593606
153.71175892156407
142.305328664004
139.22909655830904
136.23832646311047
168.7744535612414
142.5414396965052
143.88912038703052
115.863312873978
129.6308436258178
117.38514501177279
140.93628681214474
135.83657624408275
117.26040853531663
130.12198169716433
116.8347208598971
129.93341143405038
147.18929596132745
149.35966191388005
140.94110717645992
129.96374811796525
143.99029320175532
145.85124738897656
130.07894475888537
155.67298625961723
135.35569200026518
131.10530362913866
118.95681127871231
123.57319804885579
142.92511769243492
164.9948520391686
151.1452492102057
135.37732308329373
147.9890697884114
141.51683965647197
129.6774509246753
113.82996205385909
158.15039481413666
118.95055962139871
122.52293748467169
139.13387512814998
176.33455790677831
142.0936451545427
117.15793006718177
126.78301300565761
131.05028781070004
128.0417872558541
151.18420173709558
118.39834834214248
130.98471764690686
161.39323039654576
137.91212192976903
124.22204244873605
161.7944782836565
130.82917671828153
145.03584363828153
130.94631018952748
116.94726702425994
151.52210671040604
134.98817015772644
156.3931159224555
136.52817356800256
144.27111503572846
142.44518378486478
141.47520809490095
158.3295127645536
166.92408820795495
171.47908575216627
131.42023377382063
148.63737428406017
155.62495133161823
143.51731985514627
141.34570793040652
150.9165880103549
145.86595425287726
130.08877219525303
144.2727357929424
156.16390430453302
157.87563268299616
158.45447519822542
131.47943959008796
128.84566194590082
178.30342851783055
145.45511588048632
120.77356371659317
159.65858980368384
179.23284088267556
150.1344306446631
130.94510361868296
187.06440289465007
154.9855330929316
139.35804620737267
150.22492878738743
155.27956082296765
140.78594103984545
195.04279239097156
148.8281741955726
173.6761541671409
195.3510232533025
144.33107827761697
212.20475482745871
146.79670129095052
133.7162441702144
131.53718999398706
141.8617433788338
137.65151400533506
155.52285486901545
132.56569543958503
159.1854043316503
142.8438598193895
126.33082880706918
128.43647320243346
156.7411753624409
159.9020574683953
126.60962044997339
160.45423468409402
145.15906795637068
214.3403636499656
153.61539558861782
169.98732093612978
126.21062172912362
128.23813040636975
139.6437330483001
129.0144755210218
194.4336619497814
132.33363252413858
130.47421355975663
126.8644183119359
138.08441511077712
133.77400922958745
135.03713174897243
151.39805280815995
128.28333331540003
122.47712570102276
128.08457879734013
158.09881610040023
175.35055102186732
160.09514427329194
113.89299129593022
161.14992330104715
141.255052281423
125.70360680002806
127.0416407414131
151.27718199431746
126.48729429027352
134.96727086464682
119.32703810081944
129.27572143116672
148.229740474231
113.17275076983731
132.47990811383502
138.79339449830397
148.33947725158959
185.11925077732468
160.79333766147482
132.72149432659307
148.33307457758107
131.49012209187956
172.65142068217273
134.76660446769299
141.28492084232002
197.62850485635275
126.49796022739667
169.03601806277354
139.45470622780746
152.96539238636944
141.6503375540846
141.44362149017255
136.44722578498886
156.52852093999127
143.28965451897946
124.89808661324481
230.14853012752192
145.79129013270196
149.1288585684461
123.80897086152396
146.41934784193927
112.4418773570472
135.3290337954609
177.38969428844314
150.8317884104851
172.8431332607607
192.32397244749296
153.52698005188813
152.4340462349778
164.225452251748
130.63592733763582
134.0855263912403
162.8276031855479
201.28715158487103
124.66772132056006
158.5521981764666
147.44407708963436
152.6610573344406
162.143292861752
138.09672105421748
156.12470784424855
152.65536292237474
114.22414912181269
192.3926729751167
172.471555443234
148.28559355044197
136.62521668314022
142.91933507858445
121.75839072802049
133.05091446810397
152.00482168231238
158.37029290074648
170.9319875915446
159.9668263074787
153.83414224546203
128.7284425209016
164.79179007580123
141.01065294290166
151.08668879609118
160.34319997854993
194.00996934633937
137.95627657488978
152.77783098729876
129.4968392626382
157.99791577493008
177.24105007338633
137.6847043459089
155.85364612929433
168.56801883838256
124.2076595022577
187.9715998310525
155.1389437456269
140.76464156062593
127.01675838694108
168.73503361980454
147.54186672335257
153.72111962931257
136.6837131681255
143.60464217919633
156.85524356081723
161.79408591459676
127.42012385250588
143.48702580497397
119.21194075597792
161.99324032299265
160.26108118247177
175.68517481462095
129.19411461611176
152.88319795744047
160.01245969222757
140.36893362135976
154.85799144514334
143.27979969997872
170.62281643849732
132.09871967085493
147.9151920506045
127.92230737483015
136.4501408902837
169.45836896657713
134.67854216932096
134.57242749007855
141.85536130133684
149.86565380040022
127.41343460968635
122.53542564447086
152.52607956636973
210.07491128749075
165.22732029721453
125.90104078627137
142.70724661633784
144.15309072938493
156.20045021440436
158.92188094220802
149.5670743307945
128.01142050081893
143.5919825124546
125.76702693203559
167.62858758007565
152.09342504687174
142.12364597750337
125.2728920700109
124.93859496330975
123.80147946755618
149.35417275494297
172.30135792501787
141.37431201975218
141.20136429167582
162.30650534762452
146.96800982700773
120.90085137488207
118.85116907066876
116.10026738085641
123.48663181349386
113.46573334088941
128.71370334575033
127.20079718283999
147.52295554905967
139.87626316594154
134.0501336736326
119.35211137778677
134.62367747934547
117.4189760533666
135.67662048949282
141.1692417892711
136.75468972232383
159.92916904710353
143.93385634658216
119.23988424027289
147.48668650104764
128.90164257326302
141.30064915904444
127.78268533069797
174.40338522133735
139.6187136627791
123.30728845740177
113.22136199789189
146.26945027303375
125.62870188364043
115.40622560224742
143.96567642047404
146.1898373160581
137.76551286381525
165.477550736292
145.0026469131933
114.3847264109538
139.33222048236874
127.01685229442454
133.4042433285143
132.70128275509245
157.77166541603427
165.4860315340339
149.51734798663313
112.07116918743657
194.42711986422404
126.62667989252164
115.8559032081057
117.61862599348096
131.64214096168803
125.40770353752609
148.91622709946887
134.27738014826832
139.38208773313548
116.07007845063133
119.5925703798151
138.60187219592245
124.44795208928379
130.86273448524477
131.91824606200348
148.19134461439805
112.61316438266125
115.50089242792414
128.35498499472052
137.17608783277504
135.90306764472578
128.0617187361849
125.09359844934228
113.48108096904566
109.55530064496918
137.42248703197362
123.54818947765983
148.1517871183168
124.75599947475892
109.37835598197297
140.7083809553707
150.7975580925853
155.14553765751444
123.45945739833894
132.82070478101573
132.4841695402708
122.60727568791835
126.15655061263892
127.0176777350067
133.1259443857395
146.80499574996392
157.09976218765132
133.4629194162871
136.78777617101764
117.92569030790622
156.3889256918891
118.01541713798666
120.47619016496442
132.96998157102428
126.88828422646093
159.9858379457353
123.56481165482698
143.64911237336307
116.97992596334306
147.26211527482667
124.2460764643134
192.4336206972386
128.1626525574634
133.26030309426307
172.54957130008486
119.22888180224915
155.24988280125297
146.4994043522361
150.38665056563707
142.24735851055465
206.33892274557758
153.71467047532133
146.05041648801273
136.46324179905417
124.38065112377186
127.95110048549287
150.2822248524536
167.73321389137976
124.45979268930719
171.2402348283704
138.1324695271718
242.89756684005786
147.1730059541519
119.47362962322195
143.19041785265273
154.4361804523756
137.1476987810979
151.8894978000791
156.4646771556089
300.25042422484756
143.5524671611993
133.79788222870434
138.79043701467984
130.17116910221947
143.49829142560503
230.28016272426186
136.5663872973509
168.83392882171802
127.36298054348354
135.4315430995258
124.67975828598581
124.91477375797376
128.28256207798373
152.8987588392915
140.81151370568355
121.71590842517178
133.94812756509788
234.6024164473002
149.54703381900376
132.44498027931027
127.59939284658783
143.38371700556905
118.22371485803461
137.9098302365405
139.04968260270036
136.4541388300595
155.06446347933903
161.80706017621355
126.17135340135427
132.10307592861358
146.52998349242228
241.79948015553478
136.20348347882398
123.62099460174319
130.17052696311336
141.88626666787005
184.29474670911014
130.20544973412262
125.535183272735
134.37973371763164
136.53359607259202
128.38019487636237
131.6670669864555
124.35505192331718
128.49594981510884
135.79407110301523
154.36977175573145
149.84896484190946
138.86069881485167
125.08129496228827
133.93998462655668
167.65158387961156
129.97044160113714
149.96074291071056
148.90539693632988
179.36949505362787
190.13205911980413
192.92327548286798
129.7095867073177
134.4297737277569
177.71687055796295
150.39614134590875
246.97282253140824
154.8860375973646
136.8679410626117
162.87726876222146
157.34225861708825
169.27406770581507
133.04547869315448
148.88746523172333
165.61959681159118
162.25958694721055
133.83076627341958
156.7172698602108
138.1823390397125
161.38469483067337
125.81710906068724
154.27321752162067
119.3641251083728
142.89695524101336
152.31306054332993
131.25655794145217
149.61460315164118
149.18801400814803
135.42229512107582
123.32919646475324
126.69038646456185
160.9047411107782
151.52710109548786
144.92294671111136
149.06302176859586
148.84071771943064
142.5586560287549
151.2429980017811
145.30906787959984
147.7702085570403
139.67422053435342
133.10689264573986
154.1238060812856
145.36848695254545
121.2195059257566
142.84893581617632
187.74028285624303
149.28972975246216
160.06776500923672
125.88335065731685
230.6397595781201
130.2424160355195
191.58744670332803
171.66316989894725
128.49915504240357
134.6070999622505
115.33443960156251
179.99798212087637
131.34014410736341
147.84641638692884
201.23618082834884
126.19749511548157
158.3715631255214
188.23294867124037
135.77315530494838
136.12575837668265
160.23805623877035
156.52383182540333
188.04155758638342
136.5366299646944
131.99937791963973
162.4586604160715
111.86412740379514
124.67118425417718
145.74619659977472
128.9224121878935
200.38585034081987
148.72105086081973
245.94737504646346
143.8650049898359
201.32080488573908
204.37362945255833
173.6176308530826
143.40195624161396
146.42708250206516
147.4036352665072
140.48542457767192
168.32909555857566
149.0402398229887
152.48899020002176
203.00755281661304
137.9382342448134
187.6788411411304
159.86459766088797
172.60872948888058
170.06753015159543
152.89160346694493
172.55907827267936
124.61401864181255
151.1617487116706
160.02476240875066
152.59501928294324
163.5135563454458
158.00354675919806
129.61969847290516
168.3809999069403
154.85422921113144
143.74643539663882
161.66493112752084
219.96430169925807
148.9552690411767
105.69085726766608
129.1023574146159
139.9084020297958
168.32785917219982
138.3679985475605
120.50374851482816
139.92720100752075
127.59891024942935
127.48742012680964
191.50291176534262
127.81068454452843
169.26203794017772
128.95997085056496
206.93162547108108
158.0766416343869
134.4057263659597
158.59353367069644
159.88680561819157
211.79015389156748
139.04413436262567
223.9837583736515
157.28525808957178
155.0942845417917
130.88115218445878
120.32528274889101
135.76215867684286
139.48712965881208
157.3060533094019
128.43882868500899
152.21319971983124
149.09553450923917
175.0323221339788
122.93105059154327
119.52481510488947
131.28997684046692
154.18366712225946
144.74994890091207
151.92618889137773
201.77297733372782
153.02741881202257
133.8678493487158
131.72317922059347
195.48541966084466
150.62435467731027
141.47931197652437
131.02512038145838
114.76510113058794
125.23269150217757
137.43974961779764
152.34199944030044
169.15922325909878
154.45829861028207
157.30715594266835
137.97528094438036
186.19121950890383
142.63783355427347
117.97479845576885
141.17482953426648
133.830644484767
241.09433866329942
142.90531890774767
165.92893770451562
136.83889060692795
129.23493349966077
165.641361469005
124.04863645129954
129.65161404443884
144.67796657717216
128.1074502791052
144.7916099222347
128.47784064630915
112.60296160231806
135.75098863179755
132.39839584476243
131.42517644931343
146.73809580837795
131.60879695578714
160.0157445338318
122.06027185530156
140.90007356115083
144.59036402959524
147.0604837925558
139.98810760128342
181.3179266207287
148.1348814334685
144.395363568988
135.63092632495832
155.9945375946367
141.61768487820504
145.29062206115935
207.66530736947897
238.8955285805173
124.64234493191275
172.17885503128036
162.6733654512501
166.2880810433218
156.20819859123654
123.66911735073349
157.13491350175937
170.22810781372863
140.52526372488762
142.66556192257246
136.11680237155161
153.8220648580877
114.56933117923822
146.0091068616107
188.3490945023961
136.40592724942266
180.62843357403676
151.8399315998775
136.74285766701678
226.04101991438964
132.35923789881863
165.36875197018836
153.411182609381
144.04849925637862
133.6341790701469
143.44635219773787
136.7600201898865
150.09440490776785
187.34830475544973
150.67031897064783
211.83333555148002
162.69510158092876
126.96571976570084
150.46765513901443
145.50358577646668
129.076615761601
144.6899152259227
155.31870325632187
151.22435068108155
132.59542090226935
179.25803716558877
139.06690611829768
124.92084494008304
142.40191118765742
162.17506266315803
139.87942085565436
136.89512242193473
135.03986601647955
132.86990674946117
155.8066596634345
193.1900392283907
128.43638135369943
114.22117312570026
139.40932878739844
136.0320873794619
170.9099903379954
141.0102560503397
145.75313124802125
161.86749531527656
134.19940203816225
138.84668597127356
174.28516579531785
167.0251895761108
131.67927830270366
143.8320033489188
143.86881719772055
134.88742681157237
141.38130556744522
145.43911433290606
167.08992189129248
137.93661761156554
166.77591016484658
131.6927748429791
125.89687629891502
125.36808867792942
127.00024817227529
141.48421512859406
130.26116710908835
190.44194426714617
129.59731762591034
122.9303657775554
128.58022433217033
166.03726731561758
121.93723612840874
122.72813108093325
129.84171410473985
133.46280426166567
194.9788563201345
118.10353730937189
162.79574614199908
128.018886788362
137.92530013332302
155.89822971922848
137.24334478265774
141.81721198807628
151.62826464257748
140.26575733454666
124.76278042757474
137.00161909589485
114.62627625286098
171.36035799601171
132.20083183249446
139.84087306897072
140.14818834193093
155.11302792417686
183.19643877780857
141.74038071052658
131.09087121366997
146.14691096885778
162.5489809940281
144.88911391159968
153.36321450241527
155.53084789564065
182.03009237578559
157.95239940060645
138.16959659108463
182.48355054415845
133.05589394431067
145.43637633555923
127.49017179228417
124.83368044406464
149.67222187096635
143.59132352027885
156.51046547376004
169.49907882261493
134.18487794405522
140.9228898016217
155.85619469141503
140.38746567664063
147.72174245896102
146.80342322049734
162.8347236870511
140.79673061402372
141.0755579637278
178.86031012770698
134.46562596374045
140.2726724940353
126.43448847204435
131.5924627780408
161.27067673346008
119.0562047154653
140.48802451902958
128.86871439602456
129.99877628296522
140.76206216316106
133.9069581611936
129.31038375349127
148.18002112162424
149.52886040729177
138.74958048231986
148.5497052029707
126.25862363051321
141.56631411188903
120.65406008936316
153.09286020285512
161.7158088870417
166.46194250532702
130.38876512947598
146.1085611960062
141.11496933091215
176.31973688240416
148.52682487795403
153.4742543180945
131.41149157051302
149.53785763450756
146.68645239976206
130.7861393591898
136.90679810810363
219.55662528238938
126.81771847495524
128.47304382800021
155.4322161573118
164.28694624991107
140.65758231821752
184.1024434083262
127.34483364447748
137.18902867121182
173.83009692776557
146.19474197770586
181.23494640553977
163.94223110216254
157.26465272583593
173.23542267981838
143.1892072600465
125.41541079602125
158.26688231715403
159.86282623281113
140.86912148689385
125.22966496954025
189.72974259225637
199.07060404176957
124.2331046096951
143.12796215440594
143.444300227107
138.9241283821577
155.52254110887097
159.10705696659224
131.64276370834506
137.64700988292415
129.84138100287961
129.0740533423916
129.69941276547405
136.6897580000825
145.18396135909884
159.6858719425423
134.68017683320437
133.41180036448728
121.97238196640774
133.4585955608134
147.7012060664809
152.39732623690497
118.62683824890787
136.43464546731786
121.4375172259491
143.51993066941205
130.0697880547588
124.55172681708868
120.68924555109898
129.96374081405955
156.82017097212082
117.57293425945839
132.3070339233922
155.83785493606257
145.21181899906907
147.4683506977659
157.27860761297055
138.36265835210355
148.70276562547664
180.26534433456422
148.64839050602188
151.22953857335693
170.53556029644466
134.8724793923468
134.53684255625566
151.96401294544174
127.67079970915746
140.13138323998191
138.99432426700372
139.63188672873378
137.85195706219739
175.0978146038427
144.85709621759713
166.1759237621791
147.28291141782455
149.06663171790376
177.2922860974603
167.32802968462843
178.2281334754599
129.91055642267844
197.1135823482299
135.97863437990145
138.36191855303562
169.58788418483243
150.09793577470037
157.58224962995197
148.71498313448222
140.45090653133147
147.4054744219085
145.8455515547149
140.58295915822038
158.93717667274467
169.50875931534762
182.3719449782654
175.80242592441763
173.69694553573905
152.8663737703884
137.34274118098963
141.3827648114155
190.88874460119055
152.69080461896885
154.18747958928302
143.4575693189244
147.06733431514678
155.57915477816974
153.31442383955164
178.4318635878337
194.81895372874584
153.08015253895587
169.69822464899246
185.60217283544432
155.3795524625189
170.56492663863563
153.78762619082855
128.5720775672601
130.49299585602378
140.80186038364837
210.8384449370598
149.39574183660332
140.68797562113812
186.4356421700274
170.70349361111542
149.92109202635578
142.41334604241717
145.52012681433516
139.8894558611723
169.37087783703504
139.7413807534168
158.83419072680238
158.7833272410601
134.54675487858938
218.00430293001594
177.02079267557028
155.48991580542153
165.96101128910436
142.3706987220714
153.6001853728121
172.8405153683998
157.61749604037354
122.0178020790475
142.78340446992317
150.6646631043313
146.18572963542346
154.18044457767073
182.82878734314465
140.84660429234725
143.00322329164172
154.19475828389722
183.88574184963917
208.09285127258434
241.82463272950903
156.28110246063113
147.42671343476212
146.58752568197085
205.16862216480254
151.31482153758864
176.76225268712668
175.87476462597843
163.73463903467317
178.30511861015202
129.52831830540683
166.01353627194283
156.18179190390072
176.13121510385872
202.18329909597696
173.34472337406092
176.2977171198623
155.82798458745094
145.82563295891168
126.2295782964149
185.93576685332593
165.4284189460291
166.51268981520005
145.45418514943992
139.0832716395633
131.98127961180785
245.44806591685733
152.5011456472005
138.78545718092485
146.53556997653376
148.27810814053333
171.76228552333248
140.21419589480297
139.78606574615856
170.96497284820333
154.5346077189855
140.6929878780627
128.17095678123866
136.21301997679137
137.24829785527592
163.36951068972397
149.17557562797373
125.27444097842104
148.75072806594824
185.65055766732505
156.1663815276012
177.8881287807815
130.98154083884555
149.54515075000194
157.79211428793832
137.98431382158424
164.14680015043461
163.78559211608336
223.24492791582207
153.38768619049083
134.26559981573712
172.77411885880954
122.280129942229
190.63846906878632
173.85822231343383
171.3127141692972
137.89789964951987
147.21224238708808
141.99638758822812
152.33245664808658
170.96792273475907
148.93442906726142
133.08486686212788
151.31370613779507
124.05175682341505
125.43785095040447
153.16800888996693
150.34191336305648
137.2480875484418
149.45476265715013
140.191217492933
190.09464751105915
144.0357495567027
141.39389194595577
125.92901223484486
133.03587512516404
125.30197266902475
143.6009693550975
124.94310780726128
162.29069618994464
198.8618420809622
130.14317630378994
150.91309748001657
125.32918177977035
157.49736766123578
162.0416191154233
146.09080064140142
148.23792357200705
125.30802848899268
140.86291077727049
158.24346881518557
208.97074138512514
147.2405142393016
176.49203478796542
146.75390077014964
140.55531700959855
203.50618201386436
146.87958983238053
136.798208907005
138.24780650075186
129.15329995710022
142.16934361782225
196.712025261925
250.3851856871341
129.96681861364658
190.63759484195788
151.28273925149625
148.15156665136303
167.67756893096623
123.99420004222067
179.10960453529958
122.52638654545716
142.246761444643
162.66309424073265
137.02810952327658
162.70172077055153
140.26441030599716
158.67800576505687
232.55449094663098
146.88014156593948
122.37697145276366
117.27494989900535
141.70915274474459
148.05547507804332
154.88669078013064
133.28120086441447
121.24570669708828
136.84860325241326
125.4916556693868
121.66766973673315
127.96421621970786
123.03974707328479
132.44803111807707
127.53476763997323
143.88770908869523
155.03162009010188
158.66018490236095
140.94065548247812
150.6220836082116
133.95288062749512
136.96310013272435
127.01468662677439
176.26716952779654
145.91737115864916
161.7350483535838
163.08689796130938
174.17589338762082
127.04468339267392
139.98161439225112
151.96456267941826
156.62713657036264
149.3887619542382
165.6649018648054
169.66427915045003
142.56474148206377
138.81678279115178
141.28662451612507
182.34733504895985
148.14586458231864
144.50448524808536
159.48039623997178
137.9805028783306
145.9267115093728
136.32657109388288
200.1643736697773
142.66748922298453
127.4446259311132
167.57936729908397
127.3416790392285
131.85662410783573
145.66721206534987
141.74410595496678
127.6550138430813
148.14035539744086
136.07603771781666
140.74460428586244
150.45818094763453
142.54954221910225
156.9744176942433
143.47606061877698
184.35952546464588
143.09981800801162
120.35143525102153
226.93867583117253
145.18669948552275
166.81808282465056
145.88985214097997
155.0815053497952
156.79853638762032
159.08129493925716
132.2200350713405
148.53233105805091
132.01197603929754
150.33863365114078
115.3366393801426
161.38341372263542
120.08913026167039
173.12610890249883
135.24370159020444
147.30268812345224
144.48047150625604
159.1618947771142
171.01401972142878
174.42210859519128
186.95114244514846
119.39119013300878
161.35532453874637
157.09240693230456
143.61984242623396
141.82443002880368
195.08571752223062
137.52909974133837
149.4857884568498
193.3878293756833
132.50476077387566
136.24238040049235
141.8606995430331
162.28540176031117
120.8033732288976
164.38918807788951
144.79160341786286
137.46927663473838
131.93569733278187
127.77814618452231
124.75705088819635
160.6902059570133
147.2967038809069
182.17243052115006
169.8481707668597
150.17515613135268
140.11537414109787
137.47536464420605
150.15536792037955
132.10402796694677
159.11125759161303
157.30400506955766
125.42563696357338
158.78677796833065
136.73673768799335
157.01497267217178
151.91241123286486
144.6823306413825
147.32090007431333
136.20385182472904
174.44067526867482
166.63686293874176
201.71099117743054
202.9583480108188
209.87143775398675
135.1057793175033
154.1716948532751
131.90895541796098
146.6814357339669
140.54215304803142
158.87584288732845
191.6793183737582
129.80295967627578
